{
    "animation": [
        {
            "name": "Root",
            "time": [0.0167, 0.0333, 0.05, 0.0667, 0.0833, 0.1, 0.1167, 0.1333, 0.15, 0.1667, 0.1833, 0.2, 0.2167, 0.2333, 0.25, 0.2667, 0.2833, 0.3, 0.3167, 0.3333, 0.35, 0.3667, 0.3833, 0.4, 0.4167, 0.4333, 0.45, 0.4667, 0.4833, 0.5, 0.5167, 0.5333, 0.55, 0.5667, 0.5833, 0.6, 0.6167, 0.6333, 0.65, 0.6667, 0.6833, 0.7, 0.7167, 0.7333, 0.75, 0.7667, 0.7833, 0.8, 0.8167, 0.8333, 0.85, 0.8667, 0.8833, 0.9, 0.9167, 0.9333, 0.95, 0.9667, 0.9833, 1.0, 1.0167, 1.0333, 1.05, 1.0667, 1.0833, 1.1, 1.1167, 1.1333, 1.15, 1.1667, 1.1833, 1.2, 1.2167, 1.2333, 1.25, 1.2667, 1.2833, 1.3, 1.3167, 1.3333, 1.35, 1.3667, 1.3833, 1.4, 1.4167, 1.4333, 1.45, 1.4667, 1.4833, 1.5, 1.5167, 1.5333, 1.55, 1.5667, 1.5833, 1.6, 1.6167, 1.6333, 1.65, 1.6667, 1.6833, 1.7, 1.7167, 1.7333, 1.75, 1.7667, 1.7833, 1.8, 1.8167, 1.8333, 1.85, 1.8667, 1.8833, 1.9, 1.9167, 1.9333, 1.95, 1.9667, 1.9833, 2.0, 2.0167, 2.0333, 2.05, 2.0667, 2.0833, 2.1, 2.1167, 2.1333, 2.15, 2.1667, 2.1833, 2.2, 2.2167, 2.2333, 2.25, 2.2667, 2.2833, 2.3, 2.3167, 2.3333, 2.35, 2.3667, 2.3833, 2.4, 2.4167, 2.4333, 2.45, 2.4667, 2.4833, 2.5],
            "transform": [
                [0.802306, 0.0, -0.596913, 0.000473, -0.596913, 0.0, -0.802306, 0.000946, 0.0, 1.0, 0.0, 0.73288, 0.0, 0.0, 0.0, 1.0],
                [0.802306, 0.0, -0.596913, 0.000473, -0.596913, 0.0, -0.802306, 0.000946, 0.0, 1.0, 0.0, 0.732871, 0.0, 0.0, 0.0, 1.0],
                [0.802306, 0.0, -0.596913, 0.000473, -0.596913, 0.0, -0.802306, 0.000946, 0.0, 1.0, 0.0, 0.732842, 0.0, 0.0, 0.0, 1.0],
                [0.802306, 0.0, -0.596913, 0.000473, -0.596913, 0.0, -0.802306, 0.000946, 0.0, 1.0, 0.0, 0.732796, 0.0, 0.0, 0.0, 1.0],
                [0.802306, 0.0, -0.596913, 0.000473, -0.596913, 0.0, -0.802306, 0.000946, 0.0, 1.0, 0.0, 0.732731, 0.0, 0.0, 0.0, 1.0],
                [0.802306, 0.0, -0.596913, 0.000473, -0.596913, 0.0, -0.802306, 0.000946, 0.0, 1.0, 0.0, 0.732649, 0.0, 0.0, 0.0, 1.0],
                [0.802306, 0.0, -0.596913, 0.000473, -0.596913, 0.0, -0.802306, 0.000946, 0.0, 1.0, 0.0, 0.732551, 0.0, 0.0, 0.0, 1.0],
                [0.802306, 0.0, -0.596913, 0.000473, -0.596913, 0.0, -0.802306, 0.000946, 0.0, 1.0, 0.0, 0.732436, 0.0, 0.0, 0.0, 1.0],
                [0.802306, 0.0, -0.596913, 0.000473, -0.596913, 0.0, -0.802306, 0.000946, 0.0, 1.0, 0.0, 0.732306, 0.0, 0.0, 0.0, 1.0],
                [0.802306, 0.0, -0.596913, 0.000473, -0.596913, 0.0, -0.802306, 0.000946, 0.0, 1.0, 0.0, 0.73216, 0.0, 0.0, 0.0, 1.0],
                [0.802306, 0.0, -0.596913, 0.000473, -0.596913, 0.0, -0.802306, 0.000946, 0.0, 1.0, 0.0, 0.732, 0.0, 0.0, 0.0, 1.0],
                [0.802306, 0.0, -0.596913, 0.000473, -0.596913, 0.0, -0.802306, 0.000946, 0.0, 1.0, 0.0, 0.731826, 0.0, 0.0, 0.0, 1.0],
                [0.802306, 0.0, -0.596913, 0.000473, -0.596913, 0.0, -0.802306, 0.000946, 0.0, 1.0, 0.0, 0.731638, 0.0, 0.0, 0.0, 1.0],
                [0.802306, 0.0, -0.596913, 0.000473, -0.596913, 0.0, -0.802306, 0.000946, 0.0, 1.0, 0.0, 0.731437, 0.0, 0.0, 0.0, 1.0],
                [0.802306, 0.0, -0.596913, 0.000473, -0.596913, 0.0, -0.802306, 0.000946, 0.0, 1.0, 0.0, 0.731223, 0.0, 0.0, 0.0, 1.0],
                [0.802306, 0.0, -0.596913, 0.000473, -0.596913, 0.0, -0.802306, 0.000946, 0.0, 1.0, 0.0, 0.730998, 0.0, 0.0, 0.0, 1.0],
                [0.802306, 0.0, -0.596913, 0.000473, -0.596913, 0.0, -0.802306, 0.000946, 0.0, 1.0, 0.0, 0.730761, 0.0, 0.0, 0.0, 1.0],
                [0.802306, 0.0, -0.596913, 0.000473, -0.596913, 0.0, -0.802306, 0.000946, 0.0, 1.0, 0.0, 0.730513, 0.0, 0.0, 0.0, 1.0],
                [0.802306, 0.0, -0.596913, 0.000473, -0.596913, 0.0, -0.802306, 0.000946, 0.0, 1.0, 0.0, 0.730254, 0.0, 0.0, 0.0, 1.0],
                [0.802306, 0.0, -0.596913, 0.000473, -0.596913, 0.0, -0.802306, 0.000946, 0.0, 1.0, 0.0, 0.729986, 0.0, 0.0, 0.0, 1.0],
                [0.802306, 0.0, -0.596913, 0.000473, -0.596913, 0.0, -0.802306, 0.000946, 0.0, 1.0, 0.0, 0.729708, 0.0, 0.0, 0.0, 1.0],
                [0.802306, 0.0, -0.596913, 0.000473, -0.596913, 0.0, -0.802306, 0.000946, 0.0, 1.0, 0.0, 0.729421, 0.0, 0.0, 0.0, 1.0],
                [0.802306, 0.0, -0.596913, 0.000473, -0.596913, 0.0, -0.802306, 0.000946, 0.0, 1.0, 0.0, 0.729126, 0.0, 0.0, 0.0, 1.0],
                [0.802306, 0.0, -0.596913, 0.000473, -0.596913, 0.0, -0.802306, 0.000946, 0.0, 1.0, 0.0, 0.728823, 0.0, 0.0, 0.0, 1.0],
                [0.802306, 0.0, -0.596913, 0.000473, -0.596913, 0.0, -0.802306, 0.000946, 0.0, 1.0, 0.0, 0.728513, 0.0, 0.0, 0.0, 1.0],
                [0.802306, 0.0, -0.596913, 0.000473, -0.596913, 0.0, -0.802306, 0.000946, 0.0, 1.0, 0.0, 0.728196, 0.0, 0.0, 0.0, 1.0],
                [0.802306, 0.0, -0.596913, 0.000473, -0.596913, 0.0, -0.802306, 0.000946, 0.0, 1.0, 0.0, 0.727873, 0.0, 0.0, 0.0, 1.0],
                [0.802306, 0.0, -0.596913, 0.000473, -0.596913, 0.0, -0.802306, 0.000946, 0.0, 1.0, 0.0, 0.727543, 0.0, 0.0, 0.0, 1.0],
                [0.802306, 0.0, -0.596913, 0.000473, -0.596913, 0.0, -0.802306, 0.000946, 0.0, 1.0, 0.0, 0.727209, 0.0, 0.0, 0.0, 1.0],
                [0.802306, 0.0, -0.596913, 0.000473, -0.596913, 0.0, -0.802306, 0.000946, 0.0, 1.0, 0.0, 0.72687, 0.0, 0.0, 0.0, 1.0],
                [0.802306, 0.0, -0.596913, 0.000473, -0.596913, 0.0, -0.802306, 0.000946, 0.0, 1.0, 0.0, 0.726527, 0.0, 0.0, 0.0, 1.0],
                [0.802306, 0.0, -0.596913, 0.000473, -0.596913, 0.0, -0.802306, 0.000946, 0.0, 1.0, 0.0, 0.72618, 0.0, 0.0, 0.0, 1.0],
                [0.802306, 0.0, -0.596913, 0.000473, -0.596913, 0.0, -0.802306, 0.000946, 0.0, 1.0, 0.0, 0.72583, 0.0, 0.0, 0.0, 1.0],
                [0.802306, 0.0, -0.596913, 0.000473, -0.596913, 0.0, -0.802306, 0.000946, 0.0, 1.0, 0.0, 0.725478, 0.0, 0.0, 0.0, 1.0],
                [0.802306, 0.0, -0.596913, 0.000473, -0.596913, 0.0, -0.802306, 0.000946, 0.0, 1.0, 0.0, 0.725123, 0.0, 0.0, 0.0, 1.0],
                [0.802306, 0.0, -0.596913, 0.000473, -0.596913, 0.0, -0.802306, 0.000946, 0.0, 1.0, 0.0, 0.724767, 0.0, 0.0, 0.0, 1.0],
                [0.802306, 0.0, -0.596913, 0.000473, -0.596913, 0.0, -0.802306, 0.000946, 0.0, 1.0, 0.0, 0.724409, 0.0, 0.0, 0.0, 1.0],
                [0.802306, 0.0, -0.596913, 0.000473, -0.596913, 0.0, -0.802306, 0.000946, 0.0, 1.0, 0.0, 0.724051, 0.0, 0.0, 0.0, 1.0],
                [0.802306, 0.0, -0.596913, 0.000473, -0.596913, 0.0, -0.802306, 0.000946, 0.0, 1.0, 0.0, 0.723694, 0.0, 0.0, 0.0, 1.0],
                [0.802306, 0.0, -0.596913, 0.000473, -0.596913, 0.0, -0.802306, 0.000946, 0.0, 1.0, 0.0, 0.723336, 0.0, 0.0, 0.0, 1.0],
                [0.802306, 0.0, -0.596913, 0.000473, -0.596913, 0.0, -0.802306, 0.000946, 0.0, 1.0, 0.0, 0.72298, 0.0, 0.0, 0.0, 1.0],
                [0.802306, 0.0, -0.596913, 0.000473, -0.596913, 0.0, -0.802306, 0.000946, 0.0, 1.0, 0.0, 0.722625, 0.0, 0.0, 0.0, 1.0],
                [0.802306, 0.0, -0.596913, 0.000473, -0.596913, 0.0, -0.802306, 0.000946, 0.0, 1.0, 0.0, 0.722273, 0.0, 0.0, 0.0, 1.0],
                [0.802306, 0.0, -0.596913, 0.000473, -0.596913, 0.0, -0.802306, 0.000946, 0.0, 1.0, 0.0, 0.721923, 0.0, 0.0, 0.0, 1.0],
                [0.802306, 0.0, -0.596913, 0.000473, -0.596913, 0.0, -0.802306, 0.000946, 0.0, 1.0, 0.0, 0.721576, 0.0, 0.0, 0.0, 1.0],
                [0.802306, 0.0, -0.596913, 0.000473, -0.596913, 0.0, -0.802306, 0.000946, 0.0, 1.0, 0.0, 0.721233, 0.0, 0.0, 0.0, 1.0],
                [0.802306, 0.0, -0.596913, 0.000473, -0.596913, 0.0, -0.802306, 0.000946, 0.0, 1.0, 0.0, 0.720894, 0.0, 0.0, 0.0, 1.0],
                [0.802306, 0.0, -0.596913, 0.000473, -0.596913, 0.0, -0.802306, 0.000946, 0.0, 1.0, 0.0, 0.720559, 0.0, 0.0, 0.0, 1.0],
                [0.802306, 0.0, -0.596913, 0.000473, -0.596913, 0.0, -0.802306, 0.000946, 0.0, 1.0, 0.0, 0.72023, 0.0, 0.0, 0.0, 1.0],
                [0.802306, 0.0, -0.596913, 0.000473, -0.596913, 0.0, -0.802306, 0.000946, 0.0, 1.0, 0.0, 0.719907, 0.0, 0.0, 0.0, 1.0],
                [0.802306, 0.0, -0.596913, 0.000473, -0.596913, 0.0, -0.802306, 0.000946, 0.0, 1.0, 0.0, 0.71959, 0.0, 0.0, 0.0, 1.0],
                [0.802306, 0.0, -0.596913, 0.000473, -0.596913, 0.0, -0.802306, 0.000946, 0.0, 1.0, 0.0, 0.71928, 0.0, 0.0, 0.0, 1.0],
                [0.802306, 0.0, -0.596913, 0.000473, -0.596913, 0.0, -0.802306, 0.000946, 0.0, 1.0, 0.0, 0.718977, 0.0, 0.0, 0.0, 1.0],
                [0.802306, 0.0, -0.596913, 0.000473, -0.596913, 0.0, -0.802306, 0.000946, 0.0, 1.0, 0.0, 0.718682, 0.0, 0.0, 0.0, 1.0],
                [0.802306, 0.0, -0.596913, 0.000473, -0.596913, 0.0, -0.802306, 0.000946, 0.0, 1.0, 0.0, 0.718395, 0.0, 0.0, 0.0, 1.0],
                [0.802306, 0.0, -0.596913, 0.000473, -0.596913, 0.0, -0.802306, 0.000946, 0.0, 1.0, 0.0, 0.718117, 0.0, 0.0, 0.0, 1.0],
                [0.802306, 0.0, -0.596913, 0.000473, -0.596913, 0.0, -0.802306, 0.000946, 0.0, 1.0, 0.0, 0.717849, 0.0, 0.0, 0.0, 1.0],
                [0.802306, 0.0, -0.596913, 0.000473, -0.596913, 0.0, -0.802306, 0.000946, 0.0, 1.0, 0.0, 0.71759, 0.0, 0.0, 0.0, 1.0],
                [0.802306, 0.0, -0.596913, 0.000473, -0.596913, 0.0, -0.802306, 0.000946, 0.0, 1.0, 0.0, 0.717342, 0.0, 0.0, 0.0, 1.0],
                [0.802306, 0.0, -0.596913, 0.000473, -0.596913, 0.0, -0.802306, 0.000946, 0.0, 1.0, 0.0, 0.717105, 0.0, 0.0, 0.0, 1.0],
                [0.802306, 0.0, -0.596913, 0.000473, -0.596913, 0.0, -0.802306, 0.000946, 0.0, 1.0, 0.0, 0.716879, 0.0, 0.0, 0.0, 1.0],
                [0.802306, 0.0, -0.596913, 0.000473, -0.596913, 0.0, -0.802306, 0.000946, 0.0, 1.0, 0.0, 0.716666, 0.0, 0.0, 0.0, 1.0],
                [0.802306, 0.0, -0.596913, 0.000473, -0.596913, 0.0, -0.802306, 0.000946, 0.0, 1.0, 0.0, 0.716465, 0.0, 0.0, 0.0, 1.0],
                [0.802306, 0.0, -0.596913, 0.000473, -0.596913, 0.0, -0.802306, 0.000946, 0.0, 1.0, 0.0, 0.716277, 0.0, 0.0, 0.0, 1.0],
                [0.802306, 0.0, -0.596913, 0.000473, -0.596913, 0.0, -0.802306, 0.000946, 0.0, 1.0, 0.0, 0.716103, 0.0, 0.0, 0.0, 1.0],
                [0.802306, 0.0, -0.596913, 0.000473, -0.596913, 0.0, -0.802306, 0.000946, 0.0, 1.0, 0.0, 0.715943, 0.0, 0.0, 0.0, 1.0],
                [0.802306, 0.0, -0.596913, 0.000473, -0.596913, 0.0, -0.802306, 0.000946, 0.0, 1.0, 0.0, 0.715797, 0.0, 0.0, 0.0, 1.0],
                [0.802306, 0.0, -0.596913, 0.000473, -0.596913, 0.0, -0.802306, 0.000946, 0.0, 1.0, 0.0, 0.715667, 0.0, 0.0, 0.0, 1.0],
                [0.802306, 0.0, -0.596913, 0.000473, -0.596913, 0.0, -0.802306, 0.000946, 0.0, 1.0, 0.0, 0.715552, 0.0, 0.0, 0.0, 1.0],
                [0.802306, 0.0, -0.596913, 0.000473, -0.596913, 0.0, -0.802306, 0.000946, 0.0, 1.0, 0.0, 0.715454, 0.0, 0.0, 0.0, 1.0],
                [0.802306, 0.0, -0.596913, 0.000473, -0.596913, 0.0, -0.802306, 0.000946, 0.0, 1.0, 0.0, 0.715372, 0.0, 0.0, 0.0, 1.0],
                [0.802306, 0.0, -0.596913, 0.000473, -0.596913, 0.0, -0.802306, 0.000946, 0.0, 1.0, 0.0, 0.715307, 0.0, 0.0, 0.0, 1.0],
                [0.802306, 0.0, -0.596913, 0.000473, -0.596913, 0.0, -0.802306, 0.000946, 0.0, 1.0, 0.0, 0.715261, 0.0, 0.0, 0.0, 1.0],
                [0.802306, 0.0, -0.596913, 0.000473, -0.596913, 0.0, -0.802306, 0.000946, 0.0, 1.0, 0.0, 0.715232, 0.0, 0.0, 0.0, 1.0],
                [0.802306, 0.0, -0.596913, 0.000473, -0.596913, 0.0, -0.802306, 0.000946, 0.0, 1.0, 0.0, 0.715223, 0.0, 0.0, 0.0, 1.0],
                [0.802306, 0.0, -0.596913, 0.000473, -0.596913, 0.0, -0.802306, 0.000946, 0.0, 1.0, 0.0, 0.715232, 0.0, 0.0, 0.0, 1.0],
                [0.802306, 0.0, -0.596913, 0.000473, -0.596913, 0.0, -0.802306, 0.000946, 0.0, 1.0, 0.0, 0.715261, 0.0, 0.0, 0.0, 1.0],
                [0.802306, 0.0, -0.596913, 0.000473, -0.596913, 0.0, -0.802306, 0.000946, 0.0, 1.0, 0.0, 0.715307, 0.0, 0.0, 0.0, 1.0],
                [0.802306, 0.0, -0.596913, 0.000473, -0.596913, 0.0, -0.802306, 0.000946, 0.0, 1.0, 0.0, 0.715372, 0.0, 0.0, 0.0, 1.0],
                [0.802306, 0.0, -0.596913, 0.000473, -0.596913, 0.0, -0.802306, 0.000946, 0.0, 1.0, 0.0, 0.715454, 0.0, 0.0, 0.0, 1.0],
                [0.802306, 0.0, -0.596913, 0.000473, -0.596913, 0.0, -0.802306, 0.000946, 0.0, 1.0, 0.0, 0.715552, 0.0, 0.0, 0.0, 1.0],
                [0.802306, 0.0, -0.596913, 0.000473, -0.596913, 0.0, -0.802306, 0.000946, 0.0, 1.0, 0.0, 0.715667, 0.0, 0.0, 0.0, 1.0],
                [0.802306, 0.0, -0.596913, 0.000473, -0.596913, 0.0, -0.802306, 0.000946, 0.0, 1.0, 0.0, 0.715797, 0.0, 0.0, 0.0, 1.0],
                [0.802306, 0.0, -0.596913, 0.000473, -0.596913, 0.0, -0.802306, 0.000946, 0.0, 1.0, 0.0, 0.715943, 0.0, 0.0, 0.0, 1.0],
                [0.802306, 0.0, -0.596913, 0.000473, -0.596913, 0.0, -0.802306, 0.000946, 0.0, 1.0, 0.0, 0.716103, 0.0, 0.0, 0.0, 1.0],
                [0.802306, 0.0, -0.596913, 0.000473, -0.596913, 0.0, -0.802306, 0.000946, 0.0, 1.0, 0.0, 0.716277, 0.0, 0.0, 0.0, 1.0],
                [0.802306, 0.0, -0.596913, 0.000473, -0.596913, 0.0, -0.802306, 0.000946, 0.0, 1.0, 0.0, 0.716465, 0.0, 0.0, 0.0, 1.0],
                [0.802306, 0.0, -0.596913, 0.000473, -0.596913, 0.0, -0.802306, 0.000946, 0.0, 1.0, 0.0, 0.716666, 0.0, 0.0, 0.0, 1.0],
                [0.802306, 0.0, -0.596913, 0.000473, -0.596913, 0.0, -0.802306, 0.000946, 0.0, 1.0, 0.0, 0.716879, 0.0, 0.0, 0.0, 1.0],
                [0.802306, 0.0, -0.596913, 0.000473, -0.596913, 0.0, -0.802306, 0.000946, 0.0, 1.0, 0.0, 0.717105, 0.0, 0.0, 0.0, 1.0],
                [0.802306, 0.0, -0.596913, 0.000473, -0.596913, 0.0, -0.802306, 0.000946, 0.0, 1.0, 0.0, 0.717342, 0.0, 0.0, 0.0, 1.0],
                [0.802306, 0.0, -0.596913, 0.000473, -0.596913, 0.0, -0.802306, 0.000946, 0.0, 1.0, 0.0, 0.71759, 0.0, 0.0, 0.0, 1.0],
                [0.802306, 0.0, -0.596913, 0.000473, -0.596913, 0.0, -0.802306, 0.000946, 0.0, 1.0, 0.0, 0.717849, 0.0, 0.0, 0.0, 1.0],
                [0.802306, 0.0, -0.596913, 0.000473, -0.596913, 0.0, -0.802306, 0.000946, 0.0, 1.0, 0.0, 0.718117, 0.0, 0.0, 0.0, 1.0],
                [0.802306, 0.0, -0.596913, 0.000473, -0.596913, 0.0, -0.802306, 0.000946, 0.0, 1.0, 0.0, 0.718395, 0.0, 0.0, 0.0, 1.0],
                [0.802306, 0.0, -0.596913, 0.000473, -0.596913, 0.0, -0.802306, 0.000946, 0.0, 1.0, 0.0, 0.718682, 0.0, 0.0, 0.0, 1.0],
                [0.802306, 0.0, -0.596913, 0.000473, -0.596913, 0.0, -0.802306, 0.000946, 0.0, 1.0, 0.0, 0.718977, 0.0, 0.0, 0.0, 1.0],
                [0.802306, 0.0, -0.596913, 0.000473, -0.596913, 0.0, -0.802306, 0.000946, 0.0, 1.0, 0.0, 0.71928, 0.0, 0.0, 0.0, 1.0],
                [0.802306, 0.0, -0.596913, 0.000473, -0.596913, 0.0, -0.802306, 0.000946, 0.0, 1.0, 0.0, 0.71959, 0.0, 0.0, 0.0, 1.0],
                [0.802306, 0.0, -0.596913, 0.000473, -0.596913, 0.0, -0.802306, 0.000946, 0.0, 1.0, 0.0, 0.719907, 0.0, 0.0, 0.0, 1.0],
                [0.802306, 0.0, -0.596913, 0.000473, -0.596913, 0.0, -0.802306, 0.000946, 0.0, 1.0, 0.0, 0.72023, 0.0, 0.0, 0.0, 1.0],
                [0.802306, 0.0, -0.596913, 0.000473, -0.596913, 0.0, -0.802306, 0.000946, 0.0, 1.0, 0.0, 0.720559, 0.0, 0.0, 0.0, 1.0],
                [0.802306, 0.0, -0.596913, 0.000473, -0.596913, 0.0, -0.802306, 0.000946, 0.0, 1.0, 0.0, 0.720894, 0.0, 0.0, 0.0, 1.0],
                [0.802306, 0.0, -0.596913, 0.000473, -0.596913, 0.0, -0.802306, 0.000946, 0.0, 1.0, 0.0, 0.721233, 0.0, 0.0, 0.0, 1.0],
                [0.802306, 0.0, -0.596913, 0.000473, -0.596913, 0.0, -0.802306, 0.000946, 0.0, 1.0, 0.0, 0.721576, 0.0, 0.0, 0.0, 1.0],
                [0.802306, 0.0, -0.596913, 0.000473, -0.596913, 0.0, -0.802306, 0.000946, 0.0, 1.0, 0.0, 0.721923, 0.0, 0.0, 0.0, 1.0],
                [0.802306, 0.0, -0.596913, 0.000473, -0.596913, 0.0, -0.802306, 0.000946, 0.0, 1.0, 0.0, 0.722273, 0.0, 0.0, 0.0, 1.0],
                [0.802306, 0.0, -0.596913, 0.000473, -0.596913, 0.0, -0.802306, 0.000946, 0.0, 1.0, 0.0, 0.722625, 0.0, 0.0, 0.0, 1.0],
                [0.802306, 0.0, -0.596913, 0.000473, -0.596913, 0.0, -0.802306, 0.000946, 0.0, 1.0, 0.0, 0.72298, 0.0, 0.0, 0.0, 1.0],
                [0.802306, 0.0, -0.596913, 0.000473, -0.596913, 0.0, -0.802306, 0.000946, 0.0, 1.0, 0.0, 0.723336, 0.0, 0.0, 0.0, 1.0],
                [0.802306, 0.0, -0.596913, 0.000473, -0.596913, 0.0, -0.802306, 0.000946, 0.0, 1.0, 0.0, 0.723694, 0.0, 0.0, 0.0, 1.0],
                [0.802306, 0.0, -0.596913, 0.000473, -0.596913, 0.0, -0.802306, 0.000946, 0.0, 1.0, 0.0, 0.724051, 0.0, 0.0, 0.0, 1.0],
                [0.802306, 0.0, -0.596913, 0.000473, -0.596913, 0.0, -0.802306, 0.000946, 0.0, 1.0, 0.0, 0.724409, 0.0, 0.0, 0.0, 1.0],
                [0.802306, 0.0, -0.596913, 0.000473, -0.596913, 0.0, -0.802306, 0.000946, 0.0, 1.0, 0.0, 0.724767, 0.0, 0.0, 0.0, 1.0],
                [0.802306, 0.0, -0.596913, 0.000473, -0.596913, 0.0, -0.802306, 0.000946, 0.0, 1.0, 0.0, 0.725123, 0.0, 0.0, 0.0, 1.0],
                [0.802306, 0.0, -0.596913, 0.000473, -0.596913, 0.0, -0.802306, 0.000946, 0.0, 1.0, 0.0, 0.725478, 0.0, 0.0, 0.0, 1.0],
                [0.802306, 0.0, -0.596913, 0.000473, -0.596913, 0.0, -0.802306, 0.000946, 0.0, 1.0, 0.0, 0.72583, 0.0, 0.0, 0.0, 1.0],
                [0.802306, 0.0, -0.596913, 0.000473, -0.596913, 0.0, -0.802306, 0.000946, 0.0, 1.0, 0.0, 0.72618, 0.0, 0.0, 0.0, 1.0],
                [0.802306, 0.0, -0.596913, 0.000473, -0.596913, 0.0, -0.802306, 0.000946, 0.0, 1.0, 0.0, 0.726527, 0.0, 0.0, 0.0, 1.0],
                [0.802306, 0.0, -0.596913, 0.000473, -0.596913, 0.0, -0.802306, 0.000946, 0.0, 1.0, 0.0, 0.72687, 0.0, 0.0, 0.0, 1.0],
                [0.802306, 0.0, -0.596913, 0.000473, -0.596913, 0.0, -0.802306, 0.000946, 0.0, 1.0, 0.0, 0.727209, 0.0, 0.0, 0.0, 1.0],
                [0.802306, 0.0, -0.596913, 0.000473, -0.596913, 0.0, -0.802306, 0.000946, 0.0, 1.0, 0.0, 0.727543, 0.0, 0.0, 0.0, 1.0],
                [0.802306, 0.0, -0.596913, 0.000473, -0.596913, 0.0, -0.802306, 0.000946, 0.0, 1.0, 0.0, 0.727873, 0.0, 0.0, 0.0, 1.0],
                [0.802306, 0.0, -0.596913, 0.000473, -0.596913, 0.0, -0.802306, 0.000946, 0.0, 1.0, 0.0, 0.728196, 0.0, 0.0, 0.0, 1.0],
                [0.802306, 0.0, -0.596913, 0.000473, -0.596913, 0.0, -0.802306, 0.000946, 0.0, 1.0, 0.0, 0.728513, 0.0, 0.0, 0.0, 1.0],
                [0.802306, 0.0, -0.596913, 0.000473, -0.596913, 0.0, -0.802306, 0.000946, 0.0, 1.0, 0.0, 0.728823, 0.0, 0.0, 0.0, 1.0],
                [0.802306, 0.0, -0.596913, 0.000473, -0.596913, 0.0, -0.802306, 0.000946, 0.0, 1.0, 0.0, 0.729126, 0.0, 0.0, 0.0, 1.0],
                [0.802306, 0.0, -0.596913, 0.000473, -0.596913, 0.0, -0.802306, 0.000946, 0.0, 1.0, 0.0, 0.729421, 0.0, 0.0, 0.0, 1.0],
                [0.802306, 0.0, -0.596913, 0.000473, -0.596913, 0.0, -0.802306, 0.000946, 0.0, 1.0, 0.0, 0.729708, 0.0, 0.0, 0.0, 1.0],
                [0.802306, 0.0, -0.596913, 0.000473, -0.596913, 0.0, -0.802306, 0.000946, 0.0, 1.0, 0.0, 0.729986, 0.0, 0.0, 0.0, 1.0],
                [0.802306, 0.0, -0.596913, 0.000473, -0.596913, 0.0, -0.802306, 0.000946, 0.0, 1.0, 0.0, 0.730254, 0.0, 0.0, 0.0, 1.0],
                [0.802306, 0.0, -0.596913, 0.000473, -0.596913, 0.0, -0.802306, 0.000946, 0.0, 1.0, 0.0, 0.730513, 0.0, 0.0, 0.0, 1.0],
                [0.802306, 0.0, -0.596913, 0.000473, -0.596913, 0.0, -0.802306, 0.000946, 0.0, 1.0, 0.0, 0.730761, 0.0, 0.0, 0.0, 1.0],
                [0.802306, 0.0, -0.596913, 0.000473, -0.596913, 0.0, -0.802306, 0.000946, 0.0, 1.0, 0.0, 0.730998, 0.0, 0.0, 0.0, 1.0],
                [0.802306, 0.0, -0.596913, 0.000473, -0.596913, 0.0, -0.802306, 0.000946, 0.0, 1.0, 0.0, 0.731223, 0.0, 0.0, 0.0, 1.0],
                [0.802306, 0.0, -0.596913, 0.000473, -0.596913, 0.0, -0.802306, 0.000946, 0.0, 1.0, 0.0, 0.731437, 0.0, 0.0, 0.0, 1.0],
                [0.802306, 0.0, -0.596913, 0.000473, -0.596913, 0.0, -0.802306, 0.000946, 0.0, 1.0, 0.0, 0.731638, 0.0, 0.0, 0.0, 1.0],
                [0.802306, 0.0, -0.596913, 0.000473, -0.596913, 0.0, -0.802306, 0.000946, 0.0, 1.0, 0.0, 0.731826, 0.0, 0.0, 0.0, 1.0],
                [0.802306, 0.0, -0.596913, 0.000473, -0.596913, 0.0, -0.802306, 0.000946, 0.0, 1.0, 0.0, 0.732, 0.0, 0.0, 0.0, 1.0],
                [0.802306, 0.0, -0.596913, 0.000473, -0.596913, 0.0, -0.802306, 0.000946, 0.0, 1.0, 0.0, 0.73216, 0.0, 0.0, 0.0, 1.0],
                [0.802306, 0.0, -0.596913, 0.000473, -0.596913, 0.0, -0.802306, 0.000946, 0.0, 1.0, 0.0, 0.732306, 0.0, 0.0, 0.0, 1.0],
                [0.802306, 0.0, -0.596913, 0.000473, -0.596913, 0.0, -0.802306, 0.000946, 0.0, 1.0, 0.0, 0.732436, 0.0, 0.0, 0.0, 1.0],
                [0.802306, 0.0, -0.596913, 0.000473, -0.596913, 0.0, -0.802306, 0.000946, 0.0, 1.0, 0.0, 0.732551, 0.0, 0.0, 0.0, 1.0],
                [0.802306, 0.0, -0.596913, 0.000473, -0.596913, 0.0, -0.802306, 0.000946, 0.0, 1.0, 0.0, 0.732649, 0.0, 0.0, 0.0, 1.0],
                [0.802306, 0.0, -0.596913, 0.000473, -0.596913, 0.0, -0.802306, 0.000946, 0.0, 1.0, 0.0, 0.732731, 0.0, 0.0, 0.0, 1.0],
                [0.802306, 0.0, -0.596913, 0.000473, -0.596913, 0.0, -0.802306, 0.000946, 0.0, 1.0, 0.0, 0.732796, 0.0, 0.0, 0.0, 1.0],
                [0.802306, 0.0, -0.596913, 0.000473, -0.596913, 0.0, -0.802306, 0.000946, 0.0, 1.0, 0.0, 0.732842, 0.0, 0.0, 0.0, 1.0],
                [0.802306, 0.0, -0.596913, 0.000473, -0.596913, 0.0, -0.802306, 0.000946, 0.0, 1.0, 0.0, 0.732871, 0.0, 0.0, 0.0, 1.0],
                [0.802306, 0.0, -0.596913, 0.000473, -0.596913, 0.0, -0.802306, 0.000946, 0.0, 1.0, 0.0, 0.73288, 0.0, 0.0, 0.0, 1.0],
                [0.802306, 0.0, -0.596913, 0.000473, -0.596913, 0.0, -0.802306, 0.000946, 0.0, 1.0, 0.0, 0.73288, 0.0, 0.0, 0.0, 1.0]
            ]
        },
        {
            "name": "Thigh_R",
            "time": [0.0167, 0.0333, 0.05, 0.0667, 0.0833, 0.1, 0.1167, 0.1333, 0.15, 0.1667, 0.1833, 0.2, 0.2167, 0.2333, 0.25, 0.2667, 0.2833, 0.3, 0.3167, 0.3333, 0.35, 0.3667, 0.3833, 0.4, 0.4167, 0.4333, 0.45, 0.4667, 0.4833, 0.5, 0.5167, 0.5333, 0.55, 0.5667, 0.5833, 0.6, 0.6167, 0.6333, 0.65, 0.6667, 0.6833, 0.7, 0.7167, 0.7333, 0.75, 0.7667, 0.7833, 0.8, 0.8167, 0.8333, 0.85, 0.8667, 0.8833, 0.9, 0.9167, 0.9333, 0.95, 0.9667, 0.9833, 1.0, 1.0167, 1.0333, 1.05, 1.0667, 1.0833, 1.1, 1.1167, 1.1333, 1.15, 1.1667, 1.1833, 1.2, 1.2167, 1.2333, 1.25, 1.2667, 1.2833, 1.3, 1.3167, 1.3333, 1.35, 1.3667, 1.3833, 1.4, 1.4167, 1.4333, 1.45, 1.4667, 1.4833, 1.5, 1.5167, 1.5333, 1.55, 1.5667, 1.5833, 1.6, 1.6167, 1.6333, 1.65, 1.6667, 1.6833, 1.7, 1.7167, 1.7333, 1.75, 1.7667, 1.7833, 1.8, 1.8167, 1.8333, 1.85, 1.8667, 1.8833, 1.9, 1.9167, 1.9333, 1.95, 1.9667, 1.9833, 2.0, 2.0167, 2.0333, 2.05, 2.0667, 2.0833, 2.1, 2.1167, 2.1333, 2.15, 2.1667, 2.1833, 2.2, 2.2167, 2.2333, 2.25, 2.2667, 2.2833, 2.3, 2.3167, 2.3333, 2.35, 2.3667, 2.3833, 2.4, 2.4167, 2.4333, 2.45, 2.4667, 2.4833, 2.5],
            "transform": [
                [0.974604, 0.098017, -0.201343, 0.149773, 0.136302, -0.973034, 0.186087, 0.001407, -0.177674, -0.208805, -0.961682, -0.001065, 0.0, 0.0, 0.0, 1.0],
                [0.974604, 0.098007, -0.201348, 0.149773, 0.136304, -0.973022, 0.186147, 0.001408, -0.177672, -0.208864, -0.96167, -0.001065, 0.0, 0.0, 0.0, 1.0],
                [0.974604, 0.097975, -0.201363, 0.149773, 0.13631, -0.972987, 0.186327, 0.001407, -0.177668, -0.209043, -0.961632, -0.001065, 0.0, 0.0, 0.0, 1.0],
                [0.974604, 0.097924, -0.201388, 0.149773, 0.136318, -0.972929, 0.186621, 0.001407, -0.177661, -0.209335, -0.961569, -0.001065, 0.0, 0.0, 0.0, 1.0],
                [0.974604, 0.097853, -0.201423, 0.149773, 0.13633, -0.97285, 0.187028, 0.001407, -0.177652, -0.209738, -0.961483, -0.001065, 0.0, 0.0, 0.0, 1.0],
                [0.974604, 0.097764, -0.201466, 0.149773, 0.136345, -0.972748, 0.187542, 0.001407, -0.177641, -0.210248, -0.961374, -0.001065, 0.0, 0.0, 0.0, 1.0],
                [0.974604, 0.097657, -0.201518, 0.149773, 0.136364, -0.972627, 0.188158, 0.001407, -0.177627, -0.210859, -0.961242, -0.001065, 0.0, 0.0, 0.0, 1.0],
                [0.974604, 0.097532, -0.201579, 0.149773, 0.136385, -0.972485, 0.188873, 0.001407, -0.177611, -0.211569, -0.961089, -0.001065, 0.0, 0.0, 0.0, 1.0],
                [0.974604, 0.097391, -0.201647, 0.149773, 0.136409, -0.972324, 0.189685, 0.001407, -0.177592, -0.212375, -0.960915, -0.001065, 0.0, 0.0, 0.0, 1.0],
                [0.974604, 0.097235, -0.201723, 0.149773, 0.136437, -0.972144, 0.190586, 0.001407, -0.177572, -0.213269, -0.960721, -0.001065, 0.0, 0.0, 0.0, 1.0],
                [0.974604, 0.097064, -0.201805, 0.149773, 0.136466, -0.971946, 0.191573, 0.001407, -0.177549, -0.214248, -0.960508, -0.001065, 0.0, 0.0, 0.0, 1.0],
                [0.974604, 0.096878, -0.201895, 0.149773, 0.136499, -0.97173, 0.192643, 0.001407, -0.177524, -0.215309, -0.960274, -0.001065, 0.0, 0.0, 0.0, 1.0],
                [0.974604, 0.096679, -0.20199, 0.149773, 0.136534, -0.971497, 0.193789, 0.001407, -0.177497, -0.216446, -0.960024, -0.001065, 0.0, 0.0, 0.0, 1.0],
                [0.974604, 0.096468, -0.202091, 0.149773, 0.136572, -0.971248, 0.195007, 0.001407, -0.177469, -0.217655, -0.959755, -0.001065, 0.0, 0.0, 0.0, 1.0],
                [0.974604, 0.096245, -0.202198, 0.149773, 0.136612, -0.970983, 0.196293, 0.001407, -0.177438, -0.218931, -0.959471, -0.001065, 0.0, 0.0, 0.0, 1.0],
                [0.974604, 0.096011, -0.20231, 0.149773, 0.136654, -0.970703, 0.197643, 0.001407, -0.177406, -0.22027, -0.95917, -0.001065, 0.0, 0.0, 0.0, 1.0],
                [0.974604, 0.095767, -0.202425, 0.149773, 0.136698, -0.970409, 0.199052, 0.001407, -0.177373, -0.221668, -0.958855, -0.001065, 0.0, 0.0, 0.0, 1.0],
                [0.974604, 0.095514, -0.202545, 0.149773, 0.136745, -0.970101, 0.200516, 0.001407, -0.177337, -0.223121, -0.958524, -0.001065, 0.0, 0.0, 0.0, 1.0],
                [0.974603, 0.095252, -0.202669, 0.149773, 0.136793, -0.96978, 0.20203, 0.001407, -0.1773, -0.224623, -0.95818, -0.001065, 0.0, 0.0, 0.0, 1.0],
                [0.974603, 0.094983, -0.202796, 0.149773, 0.136843, -0.969446, 0.203592, 0.001407, -0.177262, -0.226173, -0.957822, -0.001065, 0.0, 0.0, 0.0, 1.0],
                [0.974603, 0.094706, -0.202926, 0.149773, 0.136895, -0.9691, 0.205196, 0.001407, -0.177223, -0.227764, -0.957453, -0.001065, 0.0, 0.0, 0.0, 1.0],
                [0.974603, 0.094423, -0.203058, 0.149773, 0.136949, -0.968744, 0.206838, 0.001407, -0.177181, -0.229393, -0.957071, -0.001065, 0.0, 0.0, 0.0, 1.0],
                [0.974603, 0.094134, -0.203193, 0.149773, 0.137005, -0.968377, 0.208514, 0.001407, -0.177139, -0.231057, -0.956679, -0.001065, 0.0, 0.0, 0.0, 1.0],
                [0.974603, 0.093839, -0.20333, 0.149773, 0.137062, -0.967999, 0.210224, 0.001407, -0.177096, -0.232754, -0.956275, -0.001065, 0.0, 0.0, 0.0, 1.0],
                [0.974603, 0.09354, -0.203468, 0.149773, 0.13712, -0.967612, 0.21196, 0.001407, -0.177052, -0.234476, -0.955863, -0.001065, 0.0, 0.0, 0.0, 1.0],
                [0.974603, 0.093238, -0.203608, 0.149773, 0.13718, -0.967217, 0.213719, 0.001407, -0.177006, -0.236222, -0.955441, -0.001065, 0.0, 0.0, 0.0, 1.0],
                [0.974602, 0.092932, -0.203748, 0.149773, 0.137241, -0.966813, 0.215498, 0.001407, -0.176959, -0.237988, -0.955011, -0.001065, 0.0, 0.0, 0.0, 1.0],
                [0.974602, 0.092624, -0.203889, 0.149773, 0.137303, -0.966402, 0.217294, 0.001407, -0.176912, -0.23977, -0.954575, -0.001065, 0.0, 0.0, 0.0, 1.0],
                [0.974602, 0.092314, -0.204031, 0.149773, 0.137366, -0.965985, 0.219104, 0.001407, -0.176864, -0.241566, -0.95413, -0.001065, 0.0, 0.0, 0.0, 1.0],
                [0.974602, 0.092002, -0.204172, 0.149773, 0.13743, -0.965561, 0.220925, 0.001407, -0.176815, -0.243373, -0.95368, -0.001065, 0.0, 0.0, 0.0, 1.0],
                [0.974602, 0.091689, -0.204314, 0.149773, 0.137495, -0.965131, 0.222752, 0.001407, -0.176766, -0.245186, -0.953225, -0.001065, 0.0, 0.0, 0.0, 1.0],
                [0.974602, 0.091376, -0.204455, 0.149773, 0.137561, -0.964697, 0.224584, 0.001407, -0.176716, -0.247005, -0.952765, -0.001065, 0.0, 0.0, 0.0, 1.0],
                [0.974602, 0.091062, -0.204596, 0.149773, 0.137627, -0.964259, 0.226418, 0.001407, -0.176665, -0.248826, -0.9523, -0.001065, 0.0, 0.0, 0.0, 1.0],
                [0.974601, 0.09075, -0.204736, 0.149773, 0.137694, -0.963817, 0.22825, 0.001408, -0.176614, -0.250644, -0.951832, -0.001065, 0.0, 0.0, 0.0, 1.0],
                [0.974601, 0.090438, -0.204875, 0.149773, 0.137762, -0.963372, 0.23008, 0.001407, -0.176563, -0.25246, -0.951361, -0.001065, 0.0, 0.0, 0.0, 1.0],
                [0.974601, 0.090127, -0.205013, 0.149773, 0.137829, -0.962926, 0.231903, 0.001407, -0.176511, -0.25427, -0.950889, -0.001065, 0.0, 0.0, 0.0, 1.0],
                [0.9746, 0.089818, -0.205149, 0.149773, 0.137897, -0.962477, 0.233717, 0.001407, -0.17646, -0.25607, -0.950415, -0.001065, 0.0, 0.0, 0.0, 1.0],
                [0.9746, 0.089512, -0.205285, 0.149773, 0.137966, -0.962028, 0.235519, 0.001407, -0.176408, -0.257859, -0.949942, -0.001065, 0.0, 0.0, 0.0, 1.0],
                [0.9746, 0.089208, -0.205418, 0.149773, 0.138034, -0.961579, 0.237307, 0.001407, -0.176356, -0.259634, -0.949467, -0.001065, 0.0, 0.0, 0.0, 1.0],
                [0.9746, 0.088907, -0.20555, 0.149773, 0.138102, -0.96113, 0.23908, 0.001407, -0.176304, -0.261394, -0.948994, -0.001065, 0.0, 0.0, 0.0, 1.0],
                [0.974599, 0.08861, -0.205679, 0.149773, 0.13817, -0.960682, 0.240834, 0.001407, -0.176252, -0.263136, -0.948523, -0.001065, 0.0, 0.0, 0.0, 1.0],
                [0.974599, 0.088316, -0.205807, 0.149773, 0.138238, -0.960235, 0.242569, 0.001407, -0.1762, -0.264858, -0.948053, -0.001065, 0.0, 0.0, 0.0, 1.0],
                [0.974599, 0.088027, -0.205932, 0.149773, 0.138306, -0.959792, 0.24428, 0.001407, -0.176149, -0.266557, -0.947586, -0.001065, 0.0, 0.0, 0.0, 1.0],
                [0.974598, 0.087742, -0.206055, 0.149773, 0.138373, -0.959352, 0.245967, 0.001407, -0.176098, -0.268231, -0.947123, -0.001065, 0.0, 0.0, 0.0, 1.0],
                [0.974598, 0.087461, -0.206176, 0.149773, 0.138439, -0.958915, 0.247627, 0.001408, -0.176047, -0.269879, -0.946664, -0.001065, 0.0, 0.0, 0.0, 1.0],
                [0.974598, 0.087186, -0.206294, 0.149773, 0.138505, -0.958482, 0.249259, 0.001407, -0.175997, -0.2715, -0.94621, -0.001065, 0.0, 0.0, 0.0, 1.0],
                [0.974598, 0.086916, -0.206409, 0.149773, 0.13857, -0.958055, 0.25086, 0.001408, -0.175947, -0.273089, -0.945761, -0.001065, 0.0, 0.0, 0.0, 1.0],
                [0.974597, 0.086652, -0.206521, 0.149773, 0.138635, -0.957633, 0.252429, 0.001407, -0.175898, -0.274648, -0.945319, -0.001065, 0.0, 0.0, 0.0, 1.0],
                [0.974597, 0.086394, -0.206631, 0.149773, 0.138698, -0.957218, 0.253963, 0.001407, -0.17585, -0.276171, -0.944884, -0.001065, 0.0, 0.0, 0.0, 1.0],
                [0.974597, 0.086142, -0.206738, 0.149773, 0.13876, -0.956811, 0.255462, 0.001407, -0.175802, -0.27766, -0.944456, -0.001065, 0.0, 0.0, 0.0, 1.0],
                [0.974597, 0.085897, -0.206841, 0.149773, 0.138821, -0.95641, 0.256924, 0.001407, -0.175756, -0.279111, -0.944038, -0.001065, 0.0, 0.0, 0.0, 1.0],
                [0.974596, 0.085658, -0.206941, 0.149773, 0.138881, -0.956018, 0.258345, 0.001407, -0.17571, -0.280523, -0.943627, -0.001065, 0.0, 0.0, 0.0, 1.0],
                [0.974596, 0.085427, -0.207038, 0.149773, 0.13894, -0.955636, 0.259726, 0.001407, -0.175666, -0.281894, -0.943227, -0.001065, 0.0, 0.0, 0.0, 1.0],
                [0.974595, 0.085203, -0.207132, 0.149773, 0.138997, -0.955263, 0.261063, 0.001407, -0.175622, -0.283222, -0.942837, -0.001065, 0.0, 0.0, 0.0, 1.0],
                [0.974595, 0.084987, -0.207222, 0.149773, 0.139052, -0.954901, 0.262356, 0.001407, -0.17558, -0.284506, -0.942459, -0.001065, 0.0, 0.0, 0.0, 1.0],
                [0.974595, 0.084778, -0.207309, 0.149773, 0.139106, -0.954549, 0.263602, 0.001407, -0.175539, -0.285744, -0.942091, -0.001065, 0.0, 0.0, 0.0, 1.0],
                [0.974595, 0.084578, -0.207392, 0.149773, 0.139158, -0.95421, 0.264801, 0.001407, -0.175499, -0.286934, -0.941737, -0.001065, 0.0, 0.0, 0.0, 1.0],
                [0.974594, 0.084386, -0.207472, 0.149773, 0.139208, -0.953883, 0.26595, 0.001407, -0.175461, -0.288075, -0.941396, -0.001065, 0.0, 0.0, 0.0, 1.0],
                [0.974594, 0.084203, -0.207547, 0.149773, 0.139256, -0.95357, 0.267048, 0.001407, -0.175424, -0.289165, -0.941068, -0.001065, 0.0, 0.0, 0.0, 1.0],
                [0.974594, 0.084029, -0.207619, 0.149773, 0.139302, -0.95327, 0.268093, 0.001407, -0.175389, -0.290203, -0.940755, -0.001065, 0.0, 0.0, 0.0, 1.0],
                [0.974594, 0.083864, -0.207687, 0.149773, 0.139346, -0.952984, 0.269083, 0.001407, -0.175356, -0.291187, -0.940458, -0.001065, 0.0, 0.0, 0.0, 1.0],
                [0.974593, 0.083709, -0.207751, 0.149773, 0.139388, -0.952714, 0.270016, 0.001407, -0.175324, -0.292114, -0.940176, -0.001065, 0.0, 0.0, 0.0, 1.0],
                [0.974593, 0.083563, -0.207811, 0.149773, 0.139427, -0.952459, 0.270893, 0.001407, -0.175294, -0.292985, -0.93991, -0.001065, 0.0, 0.0, 0.0, 1.0],
                [0.974593, 0.083427, -0.207866, 0.149773, 0.139464, -0.952221, 0.27171, 0.001407, -0.175266, -0.293796, -0.939662, -0.001065, 0.0, 0.0, 0.0, 1.0],
                [0.974593, 0.083302, -0.207917, 0.149773, 0.139498, -0.952001, 0.272464, 0.001407, -0.17524, -0.294546, -0.939433, -0.001065, 0.0, 0.0, 0.0, 1.0],
                [0.974592, 0.083187, -0.207964, 0.149773, 0.139529, -0.951798, 0.273157, 0.001407, -0.175217, -0.295234, -0.939221, -0.001065, 0.0, 0.0, 0.0, 1.0],
                [0.974592, 0.083083, -0.208007, 0.149773, 0.139557, -0.951613, 0.273784, 0.001407, -0.175195, -0.295857, -0.939029, -0.001065, 0.0, 0.0, 0.0, 1.0],
                [0.974592, 0.082989, -0.208045, 0.149773, 0.139583, -0.951448, 0.274345, 0.001407, -0.175176, -0.296414, -0.938857, -0.001065, 0.0, 0.0, 0.0, 1.0],
                [0.974592, 0.082908, -0.208078, 0.149773, 0.139605, -0.951303, 0.274837, 0.001407, -0.175159, -0.296903, -0.938706, -0.001065, 0.0, 0.0, 0.0, 1.0],
                [0.974592, 0.082838, -0.208106, 0.149773, 0.139624, -0.951178, 0.275258, 0.001407, -0.175144, -0.297321, -0.938576, -0.001065, 0.0, 0.0, 0.0, 1.0],
                [0.974592, 0.08278, -0.20813, 0.149773, 0.13964, -0.951074, 0.275608, 0.001407, -0.175132, -0.297669, -0.938468, -0.001065, 0.0, 0.0, 0.0, 1.0],
                [0.974591, 0.082734, -0.208148, 0.149773, 0.139653, -0.950993, 0.275883, 0.001407, -0.175122, -0.297942, -0.938383, -0.001065, 0.0, 0.0, 0.0, 1.0],
                [0.974592, 0.082701, -0.208162, 0.149773, 0.139662, -0.950934, 0.276083, 0.001407, -0.175115, -0.29814, -0.938321, -0.001065, 0.0, 0.0, 0.0, 1.0],
                [0.974591, 0.082681, -0.20817, 0.149773, 0.139667, -0.950897, 0.276205, 0.001407, -0.175111, -0.298261, -0.938284, -0.001065, 0.0, 0.0, 0.0, 1.0],
                [0.974592, 0.082674, -0.208173, 0.149773, 0.139669, -0.950885, 0.276245, 0.001407, -0.17511, -0.298302, -0.938271, -0.001065, 0.0, 0.0, 0.0, 1.0],
                [0.974591, 0.082681, -0.20817, 0.149773, 0.139667, -0.950897, 0.276205, 0.001407, -0.175111, -0.298262, -0.938283, -0.001065, 0.0, 0.0, 0.0, 1.0],
                [0.974592, 0.082701, -0.208162, 0.149773, 0.139662, -0.950934, 0.276082, 0.001407, -0.175115, -0.29814, -0.938321, -0.001065, 0.0, 0.0, 0.0, 1.0],
                [0.974592, 0.082734, -0.208148, 0.149773, 0.139653, -0.950993, 0.275883, 0.001407, -0.175123, -0.297942, -0.938383, -0.001065, 0.0, 0.0, 0.0, 1.0],
                [0.974592, 0.08278, -0.20813, 0.149773, 0.13964, -0.951074, 0.275608, 0.001407, -0.175132, -0.297669, -0.938468, -0.001065, 0.0, 0.0, 0.0, 1.0],
                [0.974592, 0.082838, -0.208106, 0.149773, 0.139624, -0.951178, 0.275258, 0.001407, -0.175144, -0.297321, -0.938576, -0.001065, 0.0, 0.0, 0.0, 1.0],
                [0.974592, 0.082908, -0.208078, 0.149773, 0.139605, -0.951303, 0.274837, 0.001407, -0.175159, -0.296903, -0.938706, -0.001065, 0.0, 0.0, 0.0, 1.0],
                [0.974592, 0.082989, -0.208045, 0.149773, 0.139583, -0.951448, 0.274345, 0.001407, -0.175176, -0.296414, -0.938857, -0.001065, 0.0, 0.0, 0.0, 1.0],
                [0.974592, 0.083083, -0.208007, 0.149773, 0.139557, -0.951613, 0.273784, 0.001407, -0.175195, -0.295857, -0.939029, -0.001065, 0.0, 0.0, 0.0, 1.0],
                [0.974592, 0.083187, -0.207964, 0.149773, 0.139529, -0.951798, 0.273157, 0.001407, -0.175217, -0.295234, -0.939221, -0.001065, 0.0, 0.0, 0.0, 1.0],
                [0.974593, 0.083302, -0.207917, 0.149773, 0.139497, -0.952001, 0.272464, 0.001407, -0.17524, -0.294546, -0.939433, -0.001065, 0.0, 0.0, 0.0, 1.0],
                [0.974593, 0.083427, -0.207866, 0.149773, 0.139463, -0.952221, 0.27171, 0.001407, -0.175266, -0.293796, -0.939662, -0.001065, 0.0, 0.0, 0.0, 1.0],
                [0.974593, 0.083563, -0.207811, 0.149773, 0.139427, -0.952459, 0.270893, 0.001407, -0.175294, -0.292985, -0.93991, -0.001065, 0.0, 0.0, 0.0, 1.0],
                [0.974593, 0.083709, -0.207751, 0.149773, 0.139388, -0.952714, 0.270017, 0.001407, -0.175324, -0.292115, -0.940176, -0.001065, 0.0, 0.0, 0.0, 1.0],
                [0.974594, 0.083864, -0.207687, 0.149773, 0.139346, -0.952984, 0.269083, 0.001407, -0.175356, -0.291187, -0.940458, -0.001065, 0.0, 0.0, 0.0, 1.0],
                [0.974594, 0.084029, -0.207619, 0.149773, 0.139302, -0.95327, 0.268093, 0.001407, -0.175389, -0.290203, -0.940755, -0.001065, 0.0, 0.0, 0.0, 1.0],
                [0.974594, 0.084203, -0.207547, 0.149773, 0.139256, -0.95357, 0.267048, 0.001407, -0.175424, -0.289166, -0.941068, -0.001065, 0.0, 0.0, 0.0, 1.0],
                [0.974594, 0.084386, -0.207472, 0.149773, 0.139208, -0.953883, 0.26595, 0.001407, -0.175461, -0.288075, -0.941396, -0.001065, 0.0, 0.0, 0.0, 1.0],
                [0.974595, 0.084578, -0.207392, 0.149773, 0.139158, -0.95421, 0.264801, 0.001407, -0.175499, -0.286934, -0.941737, -0.001065, 0.0, 0.0, 0.0, 1.0],
                [0.974595, 0.084778, -0.207309, 0.149773, 0.139106, -0.95455, 0.263602, 0.001407, -0.175539, -0.285743, -0.942092, -0.001065, 0.0, 0.0, 0.0, 1.0],
                [0.974595, 0.084987, -0.207222, 0.149773, 0.139052, -0.954901, 0.262356, 0.001407, -0.17558, -0.284506, -0.942459, -0.001065, 0.0, 0.0, 0.0, 1.0],
                [0.974595, 0.085203, -0.207132, 0.149773, 0.138997, -0.955263, 0.261063, 0.001407, -0.175622, -0.283222, -0.942837, -0.001065, 0.0, 0.0, 0.0, 1.0],
                [0.974596, 0.085427, -0.207038, 0.149773, 0.13894, -0.955636, 0.259726, 0.001407, -0.175666, -0.281894, -0.943227, -0.001065, 0.0, 0.0, 0.0, 1.0],
                [0.974596, 0.085658, -0.206941, 0.149773, 0.138881, -0.956018, 0.258345, 0.001407, -0.17571, -0.280523, -0.943627, -0.001065, 0.0, 0.0, 0.0, 1.0],
                [0.974597, 0.085897, -0.206841, 0.149773, 0.138821, -0.95641, 0.256924, 0.001407, -0.175756, -0.279111, -0.944038, -0.001065, 0.0, 0.0, 0.0, 1.0],
                [0.974597, 0.086142, -0.206738, 0.149773, 0.13876, -0.956811, 0.255462, 0.001407, -0.175802, -0.27766, -0.944457, -0.001065, 0.0, 0.0, 0.0, 1.0],
                [0.974597, 0.086394, -0.206631, 0.149773, 0.138698, -0.957218, 0.253963, 0.001407, -0.17585, -0.276172, -0.944884, -0.001065, 0.0, 0.0, 0.0, 1.0],
                [0.974597, 0.086652, -0.206522, 0.149773, 0.138635, -0.957634, 0.252429, 0.001407, -0.175898, -0.274648, -0.945319, -0.001065, 0.0, 0.0, 0.0, 1.0],
                [0.974598, 0.086916, -0.206409, 0.149773, 0.13857, -0.958055, 0.25086, 0.001408, -0.175947, -0.273089, -0.945762, -0.001065, 0.0, 0.0, 0.0, 1.0],
                [0.974598, 0.087186, -0.206294, 0.149773, 0.138505, -0.958482, 0.249259, 0.001407, -0.175997, -0.2715, -0.94621, -0.001065, 0.0, 0.0, 0.0, 1.0],
                [0.974599, 0.087461, -0.206176, 0.149773, 0.138439, -0.958915, 0.247627, 0.001408, -0.176047, -0.26988, -0.946664, -0.001065, 0.0, 0.0, 0.0, 1.0],
