{
    "animation": [
        {
            "name": "Root",
            "time": [0.05, 0.0667, 0.0833, 0.1, 0.1167, 0.1333, 0.15, 0.1667, 0.1833, 0.2, 0.2167, 0.2333, 0.25, 0.2667, 0.2833, 0.3, 0.3167, 0.3333, 0.35, 0.3667, 0.3833, 0.4, 0.4167, 0.4333, 0.45, 0.4667, 0.4833, 0.5, 0.5167, 0.5333, 0.55, 0.5667, 0.5833, 0.6, 0.6167, 0.6333, 0.65, 0.6667, 0.6833, 0.7, 0.7167, 0.7333, 0.75],
            "transform": [
                [0.97808, 0.0, -0.208228, -5e-06, -0.208228, 0.0, -0.97808, 0.000946, 0.0, 1.0, 0.0, 0.740529, 0.0, 0.0, 0.0, 1.0],
                [0.98342, 0.0, -0.181342, -5e-06, -0.181342, 0.0, -0.98342, 0.000946, 0.0, 1.0, 0.0, 0.735612, 0.0, 0.0, 0.0, 1.0],
                [0.988336, 0.0, -0.152288, -5e-06, -0.152288, 0.0, -0.988336, 0.000946, 0.0, 1.0, 0.0, 0.732137, 0.0, 0.0, 0.0, 1.0],
                [0.992147, 0.0, -0.125076, -5e-06, -0.125076, 0.0, -0.992147, 0.000946, 0.0, 1.0, 0.0, 0.731685, 0.0, 0.0, 0.0, 1.0],
                [0.994843, 0.0, -0.101427, -5e-06, -0.101427, 0.0, -0.994843, 0.000946, 0.0, 1.0, 0.0, 0.734024, 0.0, 0.0, 0.0, 1.0],
                [0.996793, 0.0, -0.080024, -5e-06, -0.080024, 0.0, -0.996793, 0.000946, 0.0, 1.0, 0.0, 0.73812, 0.0, 0.0, 0.0, 1.0],
                [0.998238, 0.0, -0.059329, -5e-06, -0.059329, 0.0, -0.998238, 0.000946, 0.0, 1.0, 0.0, 0.743043, 0.0, 0.0, 0.0, 1.0],
                [0.999286, 0.0, -0.037791, -5e-06, -0.037791, 0.0, -0.999286, 0.000946, 0.0, 1.0, 0.0, 0.747859, 0.0, 0.0, 0.0, 1.0],
                [0.999904, 0.0, -0.013854, -5e-06, -0.013854, 0.0, -0.999904, 0.000946, 0.0, 1.0, 0.0, 0.751637, 0.0, 0.0, 0.0, 1.0],
                [0.999905, 0.0, 0.013768, -5e-06, 0.013768, 0.0, -0.999905, 0.000946, 0.0, 1.0, 0.0, 0.75394, 0.0, 0.0, 0.0, 1.0],
                [0.999012, 0.0, 0.044439, -5e-06, 0.044439, 0.0, -0.999012, 0.000946, 0.0, 1.0, 0.0, 0.755442, 0.0, 0.0, 0.0, 1.0],
                [0.997058, 0.0, 0.076649, -5e-06, 0.076649, 0.0, -0.997058, 0.000946, 0.0, 1.0, 0.0, 0.75633, 0.0, 0.0, 0.0, 1.0],
                [0.994055, 0.0, 0.108878, -5e-06, 0.108878, 0.0, -0.994055, 0.000946, 0.0, 1.0, 0.0, 0.756764, 0.0, 0.0, 0.0, 1.0],
                [0.990205, 0.0, 0.139619, -5e-06, 0.139619, 0.0, -0.990205, 0.000946, 0.0, 1.0, 0.0, 0.756908, 0.0, 0.0, 0.0, 1.0],
                [0.98589, 0.0, 0.167395, -5e-06, 0.167395, 0.0, -0.98589, 0.000946, 0.0, 1.0, 0.0, 0.756907, 0.0, 0.0, 0.0, 1.0],
                [0.981569, 0.0, 0.191109, -5e-06, 0.191109, 0.0, -0.981569, 0.000946, 0.0, 1.0, 0.0, 0.756417, 0.0, 0.0, 0.0, 1.0],
                [0.977609, 0.0, 0.210432, -5e-06, 0.210432, 0.0, -0.977609, 0.000946, 0.0, 1.0, 0.0, 0.7553, 0.0, 0.0, 0.0, 1.0],
                [0.974326, 0.0, 0.225141, -5e-06, 0.225141, 0.0, -0.974326, 0.000946, 0.0, 1.0, 0.0, 0.753651, 0.0, 0.0, 0.0, 1.0],
                [0.971994, 0.0, 0.235007, -5e-06, 0.235007, 0.0, -0.971994, 0.000946, 0.0, 1.0, 0.0, 0.751564, 0.0, 0.0, 0.0, 1.0],
                [0.970825, 0.0, 0.23979, -5e-06, 0.23979, 0.0, -0.970825, 0.000946, 0.0, 1.0, 0.0, 0.749131, 0.0, 0.0, 0.0, 1.0],
                [0.971165, 0.0, 0.238406, -5e-06, 0.238406, 0.0, -0.971165, 0.000946, 0.0, 1.0, 0.0, 0.746453, 0.0, 0.0, 0.0, 1.0],
                [0.973584, 0.0, 0.228329, -5e-06, 0.228329, 0.0, -0.973584, 0.000946, 0.0, 1.0, 0.0, 0.74371, 0.0, 0.0, 0.0, 1.0],
                [0.977377, 0.0, 0.211507, -5e-06, 0.211507, 0.0, -0.977377, 0.000946, 0.0, 1.0, 0.0, 0.741148, 0.0, 0.0, 0.0, 1.0],
                [0.981719, 0.0, 0.190336, -5e-06, 0.190336, 0.0, -0.981719, 0.000946, 0.0, 1.0, 0.0, 0.739013, 0.0, 0.0, 0.0, 1.0],
                [0.985914, 0.0, 0.167251, -5e-06, 0.167251, 0.0, -0.985914, 0.000946, 0.0, 1.0, 0.0, 0.737552, 0.0, 0.0, 0.0, 1.0],
                [0.98947, 0.0, 0.144735, -5e-06, 0.144735, 0.0, -0.98947, 0.000946, 0.0, 1.0, 0.0, 0.73701, 0.0, 0.0, 0.0, 1.0],
                [0.992205, 0.0, 0.124615, -5e-06, 0.124615, 0.0, -0.992205, 0.000946, 0.0, 1.0, 0.0, 0.738028, 0.0, 0.0, 0.0, 1.0],
                [0.994368, 0.0, 0.105984, -5e-06, 0.105984, 0.0, -0.994368, 0.000946, 0.0, 1.0, 0.0, 0.740678, 0.0, 0.0, 0.0, 1.0],
                [0.996188, 0.0, 0.087231, -5e-06, 0.087231, 0.0, -0.996188, 0.000946, 0.0, 1.0, 0.0, 0.744354, 0.0, 0.0, 0.0, 1.0],
                [0.997771, 0.0, 0.06673, -5e-06, 0.06673, 0.0, -0.997771, 0.000946, 0.0, 1.0, 0.0, 0.748451, 0.0, 0.0, 0.0, 1.0],
                [0.999082, 0.0, 0.042847, -5e-06, 0.042847, 0.0, -0.999082, 0.000946, 0.0, 1.0, 0.0, 0.752362, 0.0, 0.0, 0.0, 1.0],
                [0.999902, 0.0, 0.013983, -5e-06, 0.013983, 0.0, -0.999902, 0.000946, 0.0, 1.0, 0.0, 0.755497, 0.0, 0.0, 0.0, 1.0],
                [0.999803, 0.0, -0.019863, -5e-06, -0.019863, 0.0, -0.999803, 0.000946, 0.0, 1.0, 0.0, 0.757642, 0.0, 0.0, 0.0, 1.0],
                [0.998396, 0.0, -0.05661, -5e-06, -0.05661, 0.0, -0.998396, 0.000946, 0.0, 1.0, 0.0, 0.758974, 0.0, 0.0, 0.0, 1.0],
                [0.995571, 0.0, -0.094014, -5e-06, -0.094014, 0.0, -0.995571, 0.000946, 0.0, 1.0, 0.0, 0.759687, 0.0, 0.0, 0.0, 1.0],
                [0.991535, 0.0, -0.129838, -5e-06, -0.129838, 0.0, -0.991535, 0.000946, 0.0, 1.0, 0.0, 0.759975, 0.0, 0.0, 0.0, 1.0],
                [0.986809, 0.0, -0.16189, -5e-06, -0.16189, 0.0, -0.986809, 0.000946, 0.0, 1.0, 0.0, 0.76003, 0.0, 0.0, 0.0, 1.0],
                [0.982118, 0.0, -0.188264, -5e-06, -0.188264, 0.0, -0.982118, 0.000946, 0.0, 1.0, 0.0, 0.759369, 0.0, 0.0, 0.0, 1.0],
                [0.977978, 0.0, -0.20871, -5e-06, -0.20871, 0.0, -0.977978, 0.000946, 0.0, 1.0, 0.0, 0.757121, 0.0, 0.0, 0.0, 1.0],
                [0.97466, 0.0, -0.223693, -5e-06, -0.223693, 0.0, -0.97466, 0.000946, 0.0, 1.0, 0.0, 0.754057, 0.0, 0.0, 0.0, 1.0],
                [0.972318, 0.0, -0.233661, -5e-06, -0.233661, 0.0, -0.972318, 0.000946, 0.0, 1.0, 0.0, 0.750992, 0.0, 0.0, 0.0, 1.0],
                [0.97101, 0.0, -0.239039, -5e-06, -0.239039, 0.0, -0.97101, 0.000946, 0.0, 1.0, 0.0, 0.748744, 0.0, 0.0, 0.0, 1.0],
                [0.970696, 0.0, -0.240311, -5e-06, -0.240311, 0.0, -0.970696, 0.000946, 0.0, 1.0, 0.0, 0.748083, 0.0, 0.0, 0.0, 1.0]
            ]
        },
        {
            "name": "Thigh_R",
            "time": [0.05, 0.0667, 0.0833, 0.1, 0.1167, 0.1333, 0.15, 0.1667, 0.1833, 0.2, 0.2167, 0.2333, 0.25, 0.2667, 0.2833, 0.3, 0.3167, 0.3333, 0.35, 0.3667, 0.3833, 0.4, 0.4167, 0.4333, 0.45, 0.4667, 0.4833, 0.5, 0.5167, 0.5333, 0.55, 0.5667, 0.5833, 0.6, 0.6167, 0.6333, 0.65, 0.6667, 0.6833, 0.7, 0.7167, 0.7333, 0.75],
            "transform": [
                [0.976852, 0.061297, -0.204946, 0.122491, 0.024316, -0.983675, -0.178308, -0.002508, -0.21253, 0.169197, -0.962395, 1.7e-05, 0.0, 0.0, 0.0, 1.0],
                [0.982694, 0.051048, -0.178067, 0.123182, 0.023692, -0.988021, -0.152493, -0.002508, -0.183718, 0.145635, -0.972131, -0.000505, 0.0, 0.0, 0.0, 1.0],
                [0.988092, 0.042908, -0.147758, 0.123717, 0.023992, -0.991549, -0.127494, -0.002508, -0.15198, 0.122431, -0.980771, -0.001071, 0.0, 0.0, 0.0, 1.0],
                [0.992269, 0.037926, -0.118174, 0.123918, 0.025589, -0.994226, -0.104216, -0.002508, -0.121444, 0.100386, -0.987509, -0.001605, 0.0, 0.0, 0.0, 1.0],
                [0.995156, 0.035246, -0.091776, 0.123977, 0.027961, -0.996444, -0.079485, -0.002508, -0.094251, 0.076534, -0.992602, -0.002063, 0.0, 0.0, 0.0, 1.0],
                [0.997118, 0.034109, -0.067768, 0.123992, 0.030722, -0.998256, -0.050413, -0.002508, -0.069369, 0.048186, -0.996427, -0.002439, 0.0, 0.0, 0.0, 1.0],
                [0.998401, 0.034338, -0.04491, 0.123993, 0.033687, -0.999318, -0.015169, -0.002508, -0.0454, 0.013632, -0.998876, -0.002732, 0.0, 0.0, 0.0, 1.0],
                [0.999106, 0.036152, -0.021885, 0.124014, 0.036751, -0.998944, 0.027578, -0.002508, -0.020864, -0.028357, -0.99938, -0.00294, 0.0, 0.0, 0.0, 1.0],
                [0.999188, 0.040209, 0.002618, 0.124086, 0.039878, -0.996099, 0.078723, -0.002508, 0.005773, -0.078555, -0.996894, -0.003061, 0.0, 0.0, 0.0, 1.0],
                [0.998492, 0.04696, 0.028453, 0.124894, 0.041924, -0.986671, 0.157235, -0.002508, 0.035458, -0.155805, -0.987151, -0.003116, 0.0, 0.0, 0.0, 1.0],
                [0.996885, 0.058444, 0.052956, 0.127337, 0.041153, -0.95827, 0.282887, -0.002508, 0.067279, -0.279827, -0.95769, -0.003151, 0.0, 0.0, 0.0, 1.0],
                [0.994197, 0.077396, 0.074708, 0.130609, 0.038621, -0.905017, 0.423619, -0.002508, 0.100398, -0.418275, -0.902754, -0.003172, 0.0, 0.0, 0.0, 1.0],
                [0.990368, 0.102964, 0.092575, 0.133859, 0.035225, -0.833953, 0.550711, -0.002508, 0.133906, -0.542146, -0.829547, -0.003182, 0.0, 0.0, 0.0, 1.0],
                [0.985473, 0.131507, 0.107464, 0.136234, 0.031533, -0.763451, 0.645096, -0.002508, 0.166878, -0.632335, -0.756507, -0.003186, 0.0, 0.0, 0.0, 1.0],
                [0.979738, 0.158441, 0.122518, 0.136932, 0.027831, -0.71348, 0.700123, -0.002508, 0.198343, -0.682527, -0.703433, -0.003186, 0.0, 0.0, 0.0, 1.0],
                [0.973847, 0.179061, 0.139858, 0.136932, 0.024082, -0.693433, 0.720118, -0.002508, 0.225928, -0.697916, -0.67961, -0.003186, 0.0, 0.0, 0.0, 1.0],
                [0.968427, 0.191439, 0.15969, 0.136932, 0.02056, -0.699707, 0.714135, -0.002508, 0.24845, -0.688304, -0.68155, -0.003186, 0.0, 0.0, 0.0, 1.0],
                [0.963923, 0.195215, 0.180955, 0.136932, 0.017629, -0.725139, 0.688377, -0.002508, 0.265598, -0.660352, -0.702419, -0.003186, 0.0, 0.0, 0.0, 1.0],
                [0.960714, 0.190928, 0.201435, 0.136932, 0.015542, -0.761653, 0.647799, -0.002508, 0.277106, -0.619218, -0.734697, -0.003186, 0.0, 0.0, 0.0, 1.0],
                [0.959094, 0.180843, 0.217796, 0.136932, 0.014439, -0.799606, 0.600352, -0.002508, 0.282721, -0.572649, -0.769508, -0.003186, 0.0, 0.0, 0.0, 1.0],
                [0.959449, 0.170365, 0.224574, 0.136899, 0.01385, -0.824223, 0.566096, -0.002508, 0.281542, -0.540031, -0.793159, -0.003178, 0.0, 0.0, 0.0, 1.0],
                [0.962298, 0.162867, 0.217845, 0.136707, 0.011981, -0.825515, 0.564253, -0.002508, 0.271732, -0.54037, -0.796342, -0.00313, 0.0, 0.0, 0.0, 1.0],
                [0.966853, 0.154052, 0.203627, 0.136355, 0.009326, -0.818264, 0.574767, -0.002508, 0.255165, -0.553816, -0.792577, -0.003043, 0.0, 0.0, 0.0, 1.0],
                [0.972194, 0.140457, 0.187381, 0.135862, 0.006588, -0.81625, 0.577661, -0.002508, 0.234086, -0.560364, -0.794479, -0.002921, 0.0, 0.0, 0.0, 1.0],
                [0.977522, 0.122823, 0.171362, 0.135244, 0.004406, -0.824511, 0.565829, -0.002508, 0.210787, -0.552355, -0.806519, -0.002768, 0.0, 0.0, 0.0, 1.0],
                [0.982242, 0.103497, 0.156495, 0.134516, 0.003339, -0.843605, 0.536954, -0.002508, 0.187593, -0.526896, -0.828969, -0.002588, 0.0, 0.0, 0.0, 1.0],
                [0.986084, 0.084432, 0.143208, 0.133697, 0.003687, -0.872324, 0.488915, -0.002508, 0.166204, -0.481584, -0.860496, -0.002385, 0.0, 0.0, 0.0, 1.0],
                [0.989308, 0.066281, 0.129908, 0.132801, 0.005054, -0.905806, 0.423663, -0.002508, 0.145752, -0.418476, -0.896457, -0.002163, 0.0, 0.0, 0.0, 1.0],
                [0.992169, 0.049529, 0.11466, 0.131846, 0.006948, -0.938479, 0.345267, -0.002508, 0.124707, -0.341766, -0.931473, -0.001927, 0.0, 0.0, 0.0, 1.0],
                [0.994793, 0.034832, 0.095782, 0.130847, 0.008967, -0.966055, 0.258184, -0.002508, 0.101523, -0.255981, -0.961336, -0.00168, 0.0, 0.0, 0.0, 1.0],
                [0.997151, 0.023317, 0.071747, 0.129823, 0.010799, -0.98536, 0.170148, -0.002508, 0.074664, -0.168889, -0.982803, -0.001426, 0.0, 0.0, 0.0, 1.0],
                [0.999015, 0.016377, 0.041256, 0.128789, 0.012223, -0.995013, 0.098997, -0.002508, 0.042672, -0.098395, -0.994232, -0.00117, 0.0, 0.0, 0.0, 1.0],
                [0.999896, 0.013546, 0.004954, 0.127761, 0.013274, -0.998594, 0.051319, -0.002508, 0.005642, -0.051248, -0.99867, -0.000915, 0.0, 0.0, 0.0, 1.0],
                [0.999307, 0.013189, -0.034801, 0.126756, 0.014253, -0.999433, 0.030524, -0.002508, -0.034379, -0.030998, -0.998928, -0.000667, 0.0, 0.0, 0.0, 1.0],
                [0.99705, 0.01338, -0.075583, 0.125791, 0.015393, -0.999541, 0.026111, -0.002508, -0.075199, -0.027198, -0.996798, -0.000428, 0.0, 0.0, 0.0, 1.0],
                [0.993264, 0.014143, -0.115007, 0.124882, 0.016827, -0.999608, 0.022405, -0.002508, -0.114645, -0.024189, -0.993111, -0.000203, 0.0, 0.0, 0.0, 1.0],
                [0.98842, 0.017131, -0.150772, 0.124045, 0.018587, -0.999793, 0.008254, -0.002508, -0.1506, -0.010961, -0.988534, 4e-06, 0.0, 0.0, 0.0, 1.0],
                [0.983238, 0.024079, -0.180731, 0.123298, 0.020589, -0.999564, -0.021165, -0.002508, -0.181162, 0.017089, -0.983305, 0.000189, 0.0, 0.0, 0.0, 1.0],
                [0.978343, 0.035003, -0.204008, 0.122657, 0.02252, -0.997748, -0.063193, -0.002508, -0.20576, 0.05723, -0.976928, 0.000348, 0.0, 0.0, 0.0, 1.0],
                [0.974187, 0.049137, -0.22033, 0.122137, 0.024096, -0.993081, -0.114933, -0.002508, -0.224453, 0.106658, -0.96863, 0.000477, 0.0, 0.0, 0.0, 1.0],
                [0.971102, 0.063723, -0.230001, 0.121756, 0.025201, -0.985689, -0.166684, -0.002508, -0.237331, 0.15607, -0.958809, 0.000571, 0.0, 0.0, 0.0, 1.0],
                [0.969299, 0.074633, -0.234282, 0.121531, 0.02583, -0.978457, -0.20483, -0.002508, -0.244521, 0.19249, -0.950346, 0.000627, 0.0, 0.0, 0.0, 1.0],
                [0.968852, 0.077797, -0.235104, 0.121473, 0.025992, -0.976075, -0.215878, -0.002508, -0.246274, 0.203043, -0.947693, 0.000641, 0.0, 0.0, 0.0, 1.0]
            ]
        },
        {
            "name": "Leg_R",
            "time": [0.05, 0.0667, 0.0833, 0.1, 0.1167, 0.1333, 0.15, 0.1667, 0.1833, 0.2, 0.2167, 0.2333, 0.25, 0.2667, 0.2833, 0.3, 0.3167, 0.3333, 0.35, 0.3667, 0.3833, 0.4, 0.4167, 0.4333, 0.45, 0.4667, 0.4833, 0.5, 0.5167, 0.5333, 0.55, 0.5667, 0.5833, 0.6, 0.6167, 0.6333, 0.65, 0.6667, 0.6833, 0.7, 0.7167, 0.7333, 0.75],
            "transform": [
                [1.0, -0.0, 1e-06, 0.0, -0.0, 0.826152, 0.563446, 0.374726, -1e-06, -0.563446, 0.826152, -0.0, 0.0, 0.0, 0.0, 1.0],
                [1.0, -0.0, 1e-06, 0.0, -0.0, 0.785124, 0.619338, 0.374726, -1e-06, -0.619338, 0.785124, 0.0, 0.0, 0.0, 0.0, 1.0],
                [1.0, -0.0, 1e-06, 0.0, -0.0, 0.744039, 0.668137, 0.374726, -1e-06, -0.668136, 0.744039, 0.0, 0.0, 0.0, 0.0, 1.0],
                [1.000001, -0.0, 1e-06, 0.0, -0.0, 0.709155, 0.705053, 0.374726, -1e-06, -0.705053, 0.709154, -0.0, 0.0, 0.0, 0.0, 1.0],
                [1.0, -0.0, 1e-06, -0.0, -0.0, 0.679307, 0.733854, 0.374726, -1e-06, -0.733854, 0.679306, 0.0, 0.0, 0.0, 0.0, 1.0],
                [1.0, -0.0, 1e-06, -0.0, -0.0, 0.651336, 0.758789, 0.374726, -1e-06, -0.758789, 0.651336, 0.0, 0.0, 0.0, 0.0, 1.0],
                [1.0, -0.0, 1e-06, 0.0, -0.0, 0.623147, 0.782105, 0.374726, -1e-06, -0.782105, 0.623146, -0.0, 0.0, 0.0, 0.0, 1.0],
                [1.0, -0.0, 1e-06, -0.0, -0.0, 0.593168, 0.805079, 0.374726, -1e-06, -0.805078, 0.593168, -0.0, 0.0, 0.0, 0.0, 1.0],
                [1.0, -0.0, 1e-06, 0.0, -0.0, 0.560399, 0.828222, 0.374726, -1e-06, -0.828223, 0.560399, -0.0, 0.0, 0.0, 0.0, 1.0],
                [1.0, -1e-06, 1e-06, -0.0, -0.0, 0.510524, 0.859863, 0.374726, -1e-06, -0.859863, 0.510525, 0.0, 0.0, 0.0, 0.0, 1.0],
                [1.0, -1e-06, 1e-06, -0.0, -0.0, 0.435653, 0.900114, 0.374726, -1e-06, -0.900114, 0.435653, 0.0, 0.0, 0.0, 0.0, 1.0],
                [1.0, -1e-06, 0.0, 0.0, -0.0, 0.372296, 0.928114, 0.374726, -1e-06, -0.928114, 0.372296, 0.0, 0.0, 0.0, 0.0, 1.0],
                [1.0, -1e-06, 0.0, -0.0, -0.0, 0.349116, 0.937079, 0.374726, -1e-06, -0.937079, 0.349116, 0.0, 0.0, 0.0, 0.0, 1.0],
                [1.0, -1e-06, 1e-06, -0.0, -0.0, 0.379145, 0.925338, 0.374726, -1e-06, -0.925337, 0.379145, -0.0, 0.0, 0.0, 0.0, 1.0],
                [1.0, -1e-06, 1e-06, 0.0, -0.0, 0.457635, 0.88914, 0.374726, -1e-06, -0.88914, 0.457635, -0.0, 0.0, 0.0, 0.0, 1.0],
                [1.0, -0.0, 1e-06, -0.0, -0.0, 0.565182, 0.824967, 0.374726, -1e-06, -0.824967, 0.565182, -0.0, 0.0, 0.0, 0.0, 1.0],
                [1.0, -0.0, 1e-06, -0.0, -0.0, 0.681223, 0.732077, 0.374726, -1e-06, -0.732076, 0.681222, 0.0, 0.0, 0.0, 0.0, 1.0],
                [1.0, -0.0, 1e-06, -0.0, -0.0, 0.789424, 0.613847, 0.374726, -1e-06, -0.613847, 0.789424, 0.0, 0.0, 0.0, 0.0, 1.0],
                [1.0, -0.0, 1e-06, 0.0, -0.0, 0.877275, 0.479987, 0.374726, -1e-06, -0.479987, 0.877275, 0.0, 0.0, 0.0, 0.0, 1.0],
                [1.0, -0.0, 1e-06, 0.0, -0.0, 0.935876, 0.352328, 0.374726, -1e-06, -0.352328, 0.935876, -0.0, 0.0, 0.0, 0.0, 1.0],
                [1.0, 0.0, 1e-06, -0.0, -0.0, 0.95931, 0.282353, 0.374726, -1e-06, -0.282353, 0.959311, 0.0, 0.0, 0.0, 0.0, 1.0],
                [1.0, 0.0, 1e-06, 0.0, -0.0, 0.948779, 0.315939, 0.374726, -1e-06, -0.315939, 0.948779, -0.0, 0.0, 0.0, 0.0, 1.0],
                [1.0, -0.0, 1e-06, -0.0, -0.0, 0.91658, 0.39985, 0.374726, -1e-06, -0.39985, 0.91658, -0.0, 0.0, 0.0, 0.0, 1.0],
                [1.0, -0.0, 1e-06, -0.0, -0.0, 0.876308, 0.481753, 0.374726, -1e-06, -0.481752, 0.876307, -0.0, 0.0, 0.0, 0.0, 1.0],
                [1.0, -0.0, 1e-06, 0.0, -0.0, 0.840603, 0.54165, 0.374726, -1e-06, -0.54165, 0.840604, 0.0, 0.0, 0.0, 0.0, 1.0],
                [1.0, -0.0, 1e-06, 0.0, -0.0, 0.820036, 0.572312, 0.374726, -1e-06, -0.572312, 0.820036, 0.0, 0.0, 0.0, 0.0, 1.0],
                [1.0, -0.0, 1e-06, -0.0, -0.0, 0.822987, 0.56806, 0.374726, -1e-06, -0.56806, 0.822987, -0.0, 0.0, 0.0, 0.0, 1.0],
                [1.0, -0.0, 1e-06, 0.0, -0.0, 0.846915, 0.531728, 0.374726, -1e-06, -0.531728, 0.846915, 0.0, 0.0, 0.0, 0.0, 1.0],
                [1.0, -0.0, 1e-06, 0.0, -0.0, 0.883519, 0.468395, 0.374726, -1e-06, -0.468395, 0.883519, -0.0, 0.0, 0.0, 0.0, 1.0],
                [1.0, -0.0, 1e-06, 0.0, -0.0, 0.923694, 0.38313, 0.374726, -1e-06, -0.383129, 0.923694, 0.0, 0.0, 0.0, 0.0, 1.0],
                [1.0, 0.0, 1e-06, -0.0, -0.0, 0.957627, 0.28801, 0.374726, -1e-06, -0.288009, 0.957628, -0.0, 0.0, 0.0, 0.0, 1.0],
                [1.0, 0.0, 1e-06, -0.0, -0.0, 0.976229, 0.216738, 0.374726, -1e-06, -0.216738, 0.97623, -0.0, 0.0, 0.0, 0.0, 1.0],
                [1.0, 0.0, 1e-06, -0.0, -0.0, 0.98274, 0.18499, 0.374726, -1e-06, -0.18499, 0.98274, -0.0, 0.0, 0.0, 0.0, 1.0],
                [1.0, 0.0, 1e-06, -0.0, -0.0, 0.978756, 0.205029, 0.374726, -1e-06, -0.205029, 0.978756, 0.0, 0.0, 0.0, 0.0, 1.0],
                [1.0, 0.0, 1e-06, 0.0, -0.0, 0.965283, 0.261206, 0.374726, -1e-06, -0.261206, 0.965283, 0.0, 0.0, 0.0, 0.0, 1.0],
                [1.0, -0.0, 1e-06, -0.0, -0.0, 0.944827, 0.327573, 0.374726, -1e-06, -0.327572, 0.944827, -0.0, 0.0, 0.0, 0.0, 1.0],
                [1.0, -0.0, 1e-06, -0.0, -0.0, 0.921726, 0.387841, 0.374726, -1e-06, -0.387841, 0.921726, 0.0, 0.0, 0.0, 0.0, 1.0],
                [1.0, -0.0, 1e-06, -0.0, -0.0, 0.899314, 0.437303, 0.374726, -1e-06, -0.437303, 0.899314, 0.0, 0.0, 0.0, 0.0, 1.0],
                [1.0, -0.0, 1e-06, 0.0, -0.0, 0.880495, 0.474054, 0.374726, -1e-06, -0.474054, 0.880495, 0.0, 0.0, 0.0, 0.0, 1.0],
                [1.0, -0.0, 1e-06, -0.0, -0.0, 0.871621, 0.490181, 0.374726, -1e-06, -0.490181, 0.87162, -0.0, 0.0, 0.0, 0.0, 1.0],
                [1.0, -0.0, 1e-06, -0.0, -0.0, 0.872332, 0.488915, 0.374726, -1e-06, -0.488915, 0.872332, -0.0, 0.0, 0.0, 0.0, 1.0],
                [1.0, -0.0, 1e-06, -0.0, -0.0, 0.877004, 0.480483, 0.374726, -1e-06, -0.480483, 0.877004, 0.0, 0.0, 0.0, 0.0, 1.0],
                [1.0, -0.0, 1e-06, -0.0, -0.0, 0.878836, 0.477124, 0.374726, -1e-06, -0.477124, 0.878835, 0.0, 0.0, 0.0, 0.0, 1.0]
            ]
        },
        {
            "name": "Knee_R",
            "time": [0.75],
            "transform": [
                [1.0, 0.0, -0.0, 0.0, -0.0, 0.00567, -0.999984, 0.374726, -0.0, 0.999984, 0.00567, 0.0, 0.0, 0.0, 0.0, 1.0]
            ]
        },
        {
            "name": "Thigh_L",
            "time": [0.05, 0.0667, 0.0833, 0.1, 0.1167, 0.1333, 0.15, 0.1667, 0.1833, 0.2, 0.2167, 0.2333, 0.25, 0.2667, 0.2833, 0.3, 0.3167, 0.3333, 0.35, 0.3667, 0.3833, 0.4, 0.4167, 0.4333, 0.45, 0.4667, 0.4833, 0.5, 0.5167, 0.5333, 0.55, 0.5667, 0.5833, 0.6, 0.6167, 0.6333, 0.65, 0.6667, 0.6833, 0.7, 0.7167, 0.7333, 0.75],
            "transform": [
                [0.977603, -0.123273, -0.170575, -0.138085, 0.008069, -0.787949, 0.615689, -0.002911, -0.210302, -0.603275, -0.769306, 0.004864, 0.0, 0.0, 0.0, 1.0],
                [0.982131, -0.111445, -0.151653, -0.135132, 0.010843, -0.770969, 0.636781, -0.002911, -0.187885, -0.627047, -0.755984, 0.004899, 0.0, 0.0, 0.0, 1.0],
                [0.986705, -0.093435, -0.132981, -0.132787, 0.0124, -0.772558, 0.634824, -0.002911, -0.16205, -0.628032, -0.761127, 0.004964, 0.0, 0.0, 0.0, 1.0],
                [0.990671, -0.072107, -0.115639, -0.13178, 0.012355, -0.797532, 0.603151, -0.002911, -0.135717, -0.598952, -0.7892, 0.005091, 0.0, 0.0, 0.0, 1.0],
                [0.99362, -0.050899, -0.100637, -0.131288, 0.011716, -0.840943, 0.540998, -0.002911, -0.112166, -0.538726, -0.834981, 0.005469, 0.0, 0.0, 0.0, 1.0],
                [0.995821, -0.031362, -0.085771, -0.130983, 0.010912, -0.891598, 0.452697, -0.002911, -0.09067, -0.451741, -0.88753, 0.006057, 0.0, 0.0, 0.0, 1.0],
                [0.997512, -0.014485, -0.069002, -0.13082, 0.010087, -0.939283, 0.342995, -0.002911, -0.069781, -0.342838, -0.936799, 0.006754, 0.0, 0.0, 0.0, 1.0],
                [0.998802, -0.001451, -0.048911, -0.130754, 0.009317, -0.975634, 0.219211, -0.002911, -0.048037, -0.219404, -0.97445, 0.00746, 0.0, 0.0, 0.0, 1.0],
                [0.999676, 0.006177, -0.024716, -0.130741, 0.008619, -0.994955, 0.099956, -0.002911, -0.023974, -0.100137, -0.994685, 0.008072, 0.0, 0.0, 0.0, 1.0],
                [0.999968, 0.007087, 0.003873, -0.130788, 0.006972, -0.999561, 0.028804, -0.002911, 0.004075, -0.028776, -0.999578, 0.008507, 0.0, 0.0, 0.0, 1.0],
                [0.999344, 0.003206, 0.036074, -0.130958, 0.002954, -0.999972, 0.007012, -0.002911, 0.036096, -0.006901, -0.999325, 0.008801, 0.0, 0.0, 0.0, 1.0],
                [0.99754, -0.000936, 0.070095, -0.13121, -0.002366, -0.999791, 0.020321, -0.002911, 0.070062, -0.020437, -0.997333, 0.009044, 0.0, 0.0, 0.0, 1.0],
                [0.994554, -0.004128, 0.104146, -0.131501, -0.007871, -0.999337, 0.035554, -0.002911, 0.10393, -0.03618, -0.993927, 0.009325, 0.0, 0.0, 0.0, 1.0],
                [0.990672, -0.00734, 0.13607, -0.131788, -0.01241, -0.999259, 0.036449, -0.00291, 0.135702, -0.037797, -0.990028, 0.009736, 0.0, 0.0, 0.0, 1.0],
                [0.98644, -0.01305, 0.163606, -0.132029, -0.014813, -0.999845, 0.009564, -0.00291, 0.163455, -0.011858, -0.98648, 0.010366, 0.0, 0.0, 0.0, 1.0],
                [0.982434, -0.024172, 0.185037, -0.132197, -0.014732, -0.998527, -0.052222, -0.002911, 0.186026, 0.048579, -0.981343, 0.011238, 0.0, 0.0, 0.0, 1.0],
                [0.978969, -0.041408, 0.199765, -0.132307, -0.013089, -0.989916, -0.141049, -0.002911, 0.203591, 0.135468, -0.969639, 0.012222, 0.0, 0.0, 0.0, 1.0],
                [0.976241, -0.062289, 0.207544, -0.132379, -0.010782, -0.97057, -0.240577, -0.002911, 0.216421, 0.232624, -0.948181, 0.013168, 0.0, 0.0, 0.0, 1.0],
                [0.974386, -0.079854, 0.210227, -0.132433, -0.008581, -0.947352, -0.320079, -0.002911, 0.224719, 0.310076, -0.923772, 0.013928, 0.0, 0.0, 0.0, 1.0],
                [0.973486, -0.082516, 0.213342, -0.132489, -0.007203, -0.943264, -0.331965, -0.002911, 0.228631, 0.321627, -0.918849, 0.014353, 0.0, 0.0, 0.0, 1.0],
                [0.973807, -0.069502, 0.216496, -0.132565, -0.00688, -0.960709, -0.277473, -0.002933, 0.227274, 0.268715, -0.936023, 0.014389, 0.0, 0.0, 0.0, 1.0],
                [0.976029, -0.057345, 0.209951, -0.132672, -0.005906, -0.971287, -0.23784, -0.003056, 0.217561, 0.230899, -0.948342, 0.014355, 0.0, 0.0, 0.0, 1.0],
                [0.979518, -0.046284, 0.195967, -0.132814, -0.004326, -0.977837, -0.209323, -0.00327, 0.201312, 0.204188, -0.958009, 0.014285, 0.0, 0.0, 0.0, 1.0],
                [0.983504, -0.035856, 0.177295, -0.132996, -0.002459, -0.982717, -0.1851, -0.00355, 0.180868, 0.18161, -0.966594, 0.014173, 0.0, 0.0, 0.0, 1.0],
                [0.98734, -0.026064, 0.156465, -0.133221, -0.000622, -0.987037, -0.160496, -0.003875, 0.158619, 0.158367, -0.974556, 0.014015, 0.0, 0.0, 0.0, 1.0],
                [0.990568, -0.017171, 0.13594, -0.133492, 0.000902, -0.991278, -0.131786, -0.004222, 0.137017, 0.130665, -0.981913, 0.013804, 0.0, 0.0, 0.0, 1.0],
                [0.993025, -0.009527, 0.117516, -0.133815, 0.001917, -0.995293, -0.09689, -0.004569, 0.117886, 0.09644, -0.988333, 0.013537, 0.0, 0.0, 0.0, 1.0],
                [0.994947, -0.003019, 0.100361, -0.134192, 0.002427, -0.998533, -0.054098, -0.004893, 0.100377, 0.054068, -0.99348, 0.013207, 0.0, 0.0, 0.0, 1.0],
                [0.99655, 0.002329, 0.082955, -0.134628, 0.002446, -0.999997, -0.001315, -0.005172, 0.082951, 0.001513, -0.996552, 0.01281, 0.0, 0.0, 0.0, 1.0],
                [0.997945, 0.005963, 0.063806, -0.135127, 0.001945, -0.998021, 0.062849, -0.005383, 0.064055, -0.062596, -0.995981, 0.01234, 0.0, 0.0, 0.0, 1.0],
                [0.999112, 0.006675, 0.041599, -0.135692, 0.000825, -0.990282, 0.139073, -0.005503, 0.042123, -0.138915, -0.989408, 0.011792, 0.0, 0.0, 0.0, 1.0],
                [0.999877, 0.002465, 0.015483, -0.136328, -0.001128, -0.973688, 0.227882, -0.005512, 0.015637, -0.227871, -0.973566, 0.011161, 0.0, 0.0, 0.0, 1.0],
                [0.999873, -0.009086, -0.013111, -0.137026, -0.004248, -0.943916, 0.330159, -0.005407, -0.015375, -0.330061, -0.943834, 0.010456, 0.0, 0.0, 0.0, 1.0],
                [0.99876, -0.028792, -0.040611, -0.137764, -0.008321, -0.900854, 0.434045, -0.005209, -0.049082, -0.433169, -0.899976, 0.0097, 0.0, 0.0, 0.0, 1.0],
                [0.99642, -0.054905, -0.064291, -0.138519, -0.012831, -0.849833, 0.526897, -0.004941, -0.083565, -0.524185, -0.847495, 0.008919, 0.0, 0.0, 0.0, 1.0],
                [0.992991, -0.083632, -0.083513, -0.139268, -0.016999, -0.80032, 0.599332, -0.004625, -0.116961, -0.593712, -0.796132, 0.008139, 0.0, 0.0, 0.0, 1.0],
                [0.988867, -0.110262, -0.099922, -0.139988, -0.019779, -0.762951, 0.646154, -0.004282, -0.147482, -0.636984, -0.756638, 0.007385, 0.0, 0.0, 0.0, 1.0],
                [0.984583, -0.13038, -0.116611, -0.140654, -0.019572, -0.744578, 0.667249, -0.003935, -0.173822, -0.654679, -0.73565, 0.006683, 0.0, 0.0, 0.0, 1.0],
                [0.980492, -0.142188, -0.13571, -0.141245, -0.015727, -0.744975, 0.666908, -0.003606, -0.195927, -0.651764, -0.732678, 0.006059, 0.0, 0.0, 0.0, 1.0],
                [0.976891, -0.145335, -0.156722, -0.141737, -0.009687, -0.762594, 0.646805, -0.003317, -0.213518, -0.63034, -0.746379, 0.005538, 0.0, 0.0, 0.0, 1.0],
                [0.974072, -0.140304, -0.177474, -0.142106, -0.003223, -0.792994, 0.609223, -0.003091, -0.226211, -0.592855, -0.772885, 0.005145, 0.0, 0.0, 0.0, 1.0],
                [0.972328, -0.130097, -0.194041, -0.142329, 0.001705, -0.826621, 0.562758, -0.002949, -0.233611, -0.547516, -0.803525, 0.004908, 0.0, 0.0, 0.0, 1.0],
                [0.971874, -0.125192, -0.199466, -0.142387, 0.003182, -0.839937, 0.542675, -0.002911, -0.235477, -0.528047, -0.815915, 0.004846, 0.0, 0.0, 0.0, 1.0]
            ]
        },
        {
            "name": "Leg_L",
            "time": [0.05, 0.0667, 0.0833, 0.1, 0.1167, 0.1333, 0.15, 0.1667, 0.1833, 0.2, 0.2167, 0.2333, 0.25, 0.2667, 0.2833, 0.3, 0.3167, 0.3333, 0.35, 0.3667, 0.3833, 0.4, 0.4167, 0.4333, 0.45, 0.4667, 0.4833, 0.5, 0.5167, 0.5333, 0.55, 0.5667, 0.5833, 0.6, 0.6167, 0.6333, 0.65, 0.6667, 0.6833, 0.7, 0.7167, 0.7333, 0.75],
            "transform": [
                [1.0, -0.0, 1e-06, 0.0, -0.0, 0.888649, 0.458588, 0.374726, -1e-06, -0.458587, 0.888649, -0.0, 0.0, 0.0, 0.0, 1.0],
                [1.0, -0.0, 1e-06, -0.0, -0.0, 0.830648, 0.556798, 0.374726, -1e-06, -0.556797, 0.830648, -0.0, 0.0, 0.0, 0.0, 1.0],
                [1.0, -0.0, 1e-06, 0.0, -0.0, 0.78322, 0.621744, 0.374726, -1e-06, -0.621744, 0.783221, 0.0, 0.0, 0.0, 0.0, 1.0],
                [1.0, -0.0, 1e-06, -0.0, -0.0, 0.764244, 0.644927, 0.374726, -1e-06, -0.644927, 0.764244, 0.0, 0.0, 0.0, 0.0, 1.0],
                [1.0, -0.0, 1e-06, -0.0, -0.0, 0.779577, 0.626307, 0.374726, -1e-06, -0.626306, 0.779577, -0.0, 0.0, 0.0, 0.0, 1.0],
                [1.0, -0.0, 1e-06, 0.0, -0.0, 0.822325, 0.569017, 0.374726, -1e-06, -0.569017, 0.822325, 0.0, 0.0, 0.0, 0.0, 1.0],
                [1.0, -0.0, 1e-06, -0.0, -0.0, 0.881271, 0.472612, 0.374726, -1e-06, -0.472612, 0.881271, -0.0, 0.0, 0.0, 0.0, 1.0],
                [1.0, -0.0, 1e-06, 0.0, -0.0, 0.940589, 0.339548, 0.374726, -1e-06, -0.339548, 0.940588, -0.0, 0.0, 0.0, 0.0, 1.0],
                [1.0, 0.0, 1e-06, -0.0, -0.0, 0.980578, 0.196128, 0.374726, -1e-06, -0.196128, 0.980578, 0.0, 0.0, 0.0, 0.0, 1.0],
                [1.0, 0.0, 1e-06, -0.0, -0.0, 0.992213, 0.124548, 0.374726, -1e-06, -0.124548, 0.992214, -0.0, 0.0, 0.0, 0.0, 1.0],
                [1.0, 0.0, 1e-06, 0.0, -0.0, 0.990793, 0.135383, 0.374726, -1e-06, -0.135383, 0.990793, -0.0, 0.0, 0.0, 0.0, 1.0],
                [1.0, 0.0, 1e-06, 0.0, -0.0, 0.977465, 0.211094, 0.374726, -1e-06, -0.211094, 0.977466, -0.0, 0.0, 0.0, 0.0, 1.0],
                [1.0, 0.0, 1e-06, 0.0, -0.0, 0.9552, 0.295959, 0.374726, -1e-06, -0.295959, 0.9552, -0.0, 0.0, 0.0, 0.0, 1.0],
                [1.0, -0.0, 1e-06, 0.0, -0.0, 0.929456, 0.368932, 0.374726, -1e-06, -0.368932, 0.929456, 0.0, 0.0, 0.0, 0.0, 1.0],
                [1.0, -0.0, 1e-06, 0.0, -0.0, 0.909291, 0.416161, 0.374726, -1e-06, -0.416161, 0.909291, 0.0, 0.0, 0.0, 0.0, 1.0],
                [1.0, -0.0, 1e-06, -0.0, -0.0, 0.903752, 0.428055, 0.374726, -1e-06, -0.428055, 0.903753, 0.0, 0.0, 0.0, 0.0, 1.0],
                [1.0, -0.0, 1e-06, 0.0, -0.0, 0.915644, 0.40199, 0.374726, -1e-06, -0.40199, 0.915644, 0.0, 0.0, 0.0, 0.0, 1.0],
                [1.0, -0.0, 1e-06, -0.0, -0.0, 0.938343, 0.345704, 0.374726, -1e-06, -0.345704, 0.938343, 0.0, 0.0, 0.0, 0.0, 1.0],
                [1.0, 0.0, 1e-06, 0.0, -0.0, 0.954509, 0.298183, 0.374726, -1e-06, -0.298183, 0.954509, -0.0, 0.0, 0.0, 0.0, 1.0],
                [1.0, -0.0, 1e-06, 0.0, -0.0, 0.939536, 0.342449, 0.374726, -1e-06, -0.342449, 0.939536, -0.0, 0.0, 0.0, 0.0, 1.0],
                [1.0, -0.0, 1e-06, 0.0, -0.0, 0.883157, 0.469077, 0.374726, -1e-06, -0.469077, 0.883157, -0.0, 0.0, 0.0, 0.0, 1.0],
                [1.0, -0.0, 1e-06, -0.0, -0.0, 0.831307, 0.555814, 0.374726, -1e-06, -0.555813, 0.831307, -0.0, 0.0, 0.0, 0.0, 1.0],
                [1.0, -0.0, 1e-06, -0.0, -0.0, 0.78733, 0.616531, 0.374726, -1e-06, -0.616531, 0.78733, -0.0, 0.0, 0.0, 0.0, 1.0],
                [1.0, -0.0, 1e-06, 0.0, -0.0, 0.748646, 0.662969, 0.374726, -1e-06, -0.662969, 0.748646, 0.0, 0.0, 0.0, 0.0, 1.0],
                [1.0, -0.0, 1e-06, 0.0, -0.0, 0.712742, 0.701426, 0.374726, -1e-06, -0.701426, 0.712741, -0.0, 0.0, 0.0, 0.0, 1.0],
                [1.0, -0.0, 1e-06, -0.0, -0.0, 0.677305, 0.735702, 0.374726, -1e-06, -0.735702, 0.677305, -0.0, 0.0, 0.0, 0.0, 1.0],
                [1.0, -0.0, 1e-06, -0.0, -0.0, 0.64232, 0.766437, 0.374726, -1e-06, -0.766437, 0.64232, -0.0, 0.0, 0.0, 0.0, 1.0],
                [1.0, -0.0, 1e-06, 0.0, -0.0, 0.60697, 0.794724, 0.374726, -1e-06, -0.794724, 0.60697, -0.0, 0.0, 0.0, 0.0, 1.0],
                [1.0, -0.0, 1e-06, -0.0, -0.0, 0.5687, 0.822545, 0.374726, -1e-06, -0.822545, 0.568699, 0.0, 0.0, 0.0, 0.0, 1.0],
                [1.0, -0.0, 1e-06, 0.0, -0.0, 0.525895, 0.850549, 0.374726, -1e-06, -0.850549, 0.525895, -0.0, 0.0, 0.0, 0.0, 1.0],
                [1.0, -1e-06, 1e-06, 0.0, -0.0, 0.478006, 0.878356, 0.374726, -1e-06, -0.878357, 0.478006, 0.0, 0.0, 0.0, 0.0, 1.0],
                [1.0, -1e-06, 1e-06, 0.0, -0.0, 0.425914, 0.904763, 0.374726, -1e-06, -0.904764, 0.425914, 0.0, 0.0, 0.0, 0.0, 1.0],
                [1.0, -1e-06, 0.0, -0.0, -0.0, 0.377892, 0.925849, 0.374726, -1e-06, -0.92585, 0.377892, 0.0, 0.0, 0.0, 0.0, 1.0],
                [1.0, -1e-06, 0.0, 0.0, -0.0, 0.348828, 0.937186, 0.374726, -1e-06, -0.937187, 0.348828, 0.0, 0.0, 0.0, 0.0, 1.0],
                [1.0, -1e-06, 0.0, -0.0, -0.0, 0.350479, 0.93657, 0.374726, -1e-06, -0.93657, 0.350479, 0.0, 0.0, 0.0, 0.0, 1.0],
                [1.0, -1e-06, 1e-06, 0.0, -0.0, 0.389338, 0.921095, 0.374726, -1e-06, -0.921095, 0.389337, 0.0, 0.0, 0.0, 0.0, 1.0],
                [1.0, -1e-06, 1e-06, -0.0, -0.0, 0.465792, 0.884894, 0.374726, -1e-06, -0.884895, 0.465792, 0.0, 0.0, 0.0, 0.0, 1.0],
                [1.0, -0.0, 1e-06, 0.0, -0.0, 0.5707, 0.821158, 0.374726, -1e-06, -0.821158, 0.5707, -0.0, 0.0, 0.0, 0.0, 1.0],
                [1.0, -0.0, 1e-06, 0.0, -0.0, 0.686317, 0.727302, 0.374726, -1e-06, -0.727302, 0.686317, -0.0, 0.0, 0.0, 0.0, 1.0],
                [1.0, -0.0, 1e-06, -0.0, -0.0, 0.798724, 0.601698, 0.374726, -1e-06, -0.601697, 0.798724, -0.0, 0.0, 0.0, 0.0, 1.0],
                [1.0, -0.0, 1e-06, 0.0, -0.0, 0.89285, 0.450355, 0.374726, -1e-06, -0.450355, 0.89285, 0.0, 0.0, 0.0, 0.0, 1.0],
                [1.0, 0.0, 1e-06, -0.0, -0.0, 0.953861, 0.300249, 0.374726, -1e-06, -0.300249, 0.95386, 0.0, 0.0, 0.0, 0.0, 1.0],
                [1.0, 0.0, 1e-06, -0.0, -0.0, 0.970219, 0.242226, 0.374726, -1e-06, -0.242227, 0.970219, -0.0, 0.0, 0.0, 0.0, 1.0]
            ]
        },
        {
            "name": "Knee_L",
            "time": [0.75],
            "transform": [
                [1.0, 0.0, -0.0, 0.0, -0.0, 0.00567, -0.999984, 0.374726, -0.0, 0.999984, 0.00567, 0.0, 0.0, 0.0, 0.0, 1.0]
            ]
        },
        {
            "name": "Torso",
            "time": [0.05, 0.0667, 0.0833, 0.1, 0.1167, 0.1333, 0.15, 0.1667, 0.1833, 0.2, 0.2167, 0.2333, 0.25, 0.2667, 0.2833, 0.3, 0.3167, 0.3333, 0.35, 0.3667, 0.3833, 0.4, 0.4167, 0.4333, 0.45, 0.4667, 0.4833, 0.5, 0.5167, 0.5333, 0.55, 0.5667, 0.5833, 0.6, 0.6167, 0.6333, 0.65, 0.6667, 0.6833, 0.7, 0.7167, 0.7333, 0.75],
            "transform": [
                [1.0, 8.1e-05, -3.5e-05, -0.0, -8.1e-05, 0.999997, 0.002563, 0.05, 3.5e-05, -0.002563, 0.999996, -0.0, 0.0, 0.0, 0.0, 1.0],
                [1.0, -8.4e-05, -3.2e-05, 0.0, 8.4e-05, 0.999998, 0.001945, 0.05, 3.2e-05, -0.001945, 0.999998, -0.0, 0.0, 0.0, 0.0, 1.0],
                [1.0, -0.000306, -2.8e-05, -0.0, 0.000306, 0.999999, 0.001214, 0.05, 2.7e-05, -0.001214, 0.999999, -0.0, 0.0, 0.0, 0.0, 1.0],
                [1.0, -0.000582, -2.4e-05, 0.0, 0.000582, 1.0, 0.000429, 0.05, 2.3e-05, -0.000429, 1.0, 0.0, 0.0, 0.0, 0.0, 1.0],
                [1.0, -0.000911, -1.9e-05, -0.0, 0.000911, 1.0, -0.000353, 0.05, 1.9e-05, 0.000353, 1.0, 0.0, 0.0, 0.0, 0.0, 1.0],
                [0.999999, -0.001292, -1.5e-05, -0.0, 0.001292, 0.999999, -0.001074, 0.05, 1.6e-05, 0.001074, 0.999999, 0.0, 0.0, 0.0, 0.0, 1.0],
                [0.999998, -0.001723, -1.1e-05, -0.0, 0.001723, 0.999997, -0.001678, 0.05, 1.4e-05, 0.001678, 0.999998, 0.0, 0.0, 0.0, 0.0, 1.0],
                [0.999997, -0.002203, -8e-06, 0.0, 0.002203, 0.999995, -0.002106, 0.05, 1.2e-05, 0.002106, 0.999997, 0.0, 0.0, 0.0, 0.0, 1.0],
                [0.999996, -0.002729, -6e-06, 0.0, 0.002729, 0.999994, -0.002301, 0.05, 1.2e-05, 0.002301, 0.999997, -0.0, 0.0, 0.0, 0.0, 1.0],
                [0.999994, -0.003297, -8e-06, 0.0, 0.003297, 0.999993, -0.001662, 0.05, 1.3e-05, 0.001662, 0.999998, -0.0, 0.0, 0.0, 0.0, 1.0],
                [0.999992, -0.003869, -1.7e-05, 0.0, 0.003869, 0.999992, 0.00053, 0.05, 1.5e-05, -0.00053, 1.0, -0.0, 0.0, 0.0, 0.0, 1.0],
                [0.99999, -0.004393, -3.2e-05, -0.0, 0.004393, 0.999984, 0.003517, 0.05, 1.6e-05, -0.003517, 0.999994, -0.0, 0.0, 0.0, 0.0, 1.0],
                [0.999988, -0.004817, -4.8e-05, 0.0, 0.004817, 0.999967, 0.006505, 0.05, 1.6e-05, -0.006505, 0.999979, 0.0, 0.0, 0.0, 0.0, 1.0],
                [0.999987, -0.005089, -6e-05, 0.0, 0.005089, 0.999949, 0.008696, 0.05, 1.6e-05, -0.008697, 0.999962, -0.0, 0.0, 0.0, 0.0, 1.0],
                [0.999987, -0.005142, -6.3e-05, -0.0, 0.005143, 0.999943, 0.009328, 0.05, 1.5e-05, -0.009328, 0.999956, 0.0, 0.0, 0.0, 0.0, 1.0],
                [0.99999, -0.004525, -5.9e-05, -0.0, 0.004525, 0.99995, 0.008892, 0.05, 1.9e-05, -0.008892, 0.99996, -0.0, 0.0, 0.0, 0.0, 1.0],
                [0.999995, -0.003316, -5.2e-05, 0.0, 0.003317, 0.999963, 0.00796, 0.05, 2.6e-05, -0.00796, 0.999968, -0.0, 0.0, 0.0, 0.0, 1.0],
                [0.999998, -0.001887, -4.6e-05, -0.0, 0.001887, 0.999976, 0.006692, 0.05, 3.3e-05, -0.006692, 0.999978, 0.0, 0.0, 0.0, 0.0, 1.0],
                [1.0, -0.000604, -4.1e-05, -0.0, 0.000605, 0.999986, 0.00525, 0.05, 3.7e-05, -0.00525, 0.999986, -0.0, 0.0, 0.0, 0.0, 1.0],
                [1.0, 0.000161, -3.8e-05, -0.0, -0.000161, 0.999993, 0.003795, 0.05, 3.9e-05, -0.003795, 0.999993, -0.0, 0.0, 0.0, 0.0, 1.0],
                [1.0, 0.000231, -3.8e-05, -0.0, -0.000231, 0.999997, 0.002481, 0.05, 3.8e-05, -0.002481, 0.999997, 0.0, 0.0, 0.0, 0.0, 1.0],
                [1.0, 0.000177, -3.6e-05, 0.0, -0.000177, 0.999999, 0.001367, 0.05, 3.6e-05, -0.001367, 0.999999, 0.0, 0.0, 0.0, 0.0, 1.0],
                [1.0, 7.5e-05, -3.4e-05, 0.0, -7.5e-05, 1.0, 0.000438, 0.05, 3.4e-05, -0.000438, 1.0, -0.0, 0.0, 0.0, 0.0, 1.0],
                [1.0, -7.7e-05, -3.1e-05, 0.0, 7.7e-05, 1.0, -0.000322, 0.05, 3.1e-05, 0.000322, 1.0, -0.0, 0.0, 0.0, 0.0, 1.0],
                [1.0, -0.000277, -2.7e-05, -0.0, 0.000277, 1.0, -0.00093, 0.05, 2.7e-05, 0.00093, 0.999999, -0.0, 0.0, 0.0, 0.0, 1.0],
                [1.0, -0.000527, -2.3e-05, -0.0, 0.000527, 0.999999, -0.001402, 0.05, 2.3e-05, 0.001402, 0.999999, -0.0, 0.0, 0.0, 0.0, 1.0],
                [1.0, -0.000826, -1.9e-05, -0.0, 0.000826, 0.999998, -0.001755, 0.05, 2e-05, 0.001755, 0.999998, 0.0, 0.0, 0.0, 0.0, 1.0],
                [0.999999, -0.001175, -1.5e-05, 0.0, 0.001175, 0.999997, -0.002004, 0.05, 1.7e-05, 0.002004, 0.999998, 0.0, 0.0, 0.0, 0.0, 1.0],
                [0.999999, -0.001573, -1.1e-05, 0.0, 0.001573, 0.999996, -0.002168, 0.05, 1.4e-05, 0.002168, 0.999997, -0.0, 0.0, 0.0, 0.0, 1.0],
                [0.999998, -0.002021, -8e-06, 0.0, 0.00202, 0.999995, -0.002261, 0.05, 1.3e-05, 0.002261, 0.999997, 0.0, 0.0, 0.0, 0.0, 1.0],
                [0.999997, -0.002518, -6e-06, 0.0, 0.002518, 0.999994, -0.002302, 0.05, 1.2e-05, 0.002302, 0.999997, -0.0, 0.0, 0.0, 0.0, 1.0],
                [0.999995, -0.003065, -6e-06, 0.0, 0.003065, 0.999993, -0.002137, 0.05, 1.3e-05, 0.002137, 0.999998, -0.0, 0.0, 0.0, 0.0, 1.0],
                [0.999993, -0.003638, -1.3e-05, -0.0, 0.003638, 0.999993, -0.000487, 0.05, 1.4e-05, 0.000487, 1.0, 0.0, 0.0, 0.0, 0.0, 1.0],
                [0.999991, -0.004187, -2.6e-05, -0.0, 0.004187, 0.999989, 0.002278, 0.05, 1.6e-05, -0.002278, 0.999997, 0.0, 0.0, 0.0, 0.0, 1.0],
                [0.999989, -0.004659, -4.1e-05, -0.0, 0.004659, 0.999975, 0.005361, 0.05, 1.6e-05, -0.005361, 0.999985, -0.0, 0.0, 0.0, 0.0, 1.0],
                [0.999987, -0.005, -5.6e-05, 0.0, 0.005, 0.999956, 0.007966, 0.05, 1.6e-05, -0.007966, 0.999968, -0.0, 0.0, 0.0, 0.0, 1.0],
                [0.999987, -0.005158, -6.3e-05, -0.0, 0.005158, 0.999943, 0.009298, 0.05, 1.5e-05, -0.009298, 0.999957, 0.0, 0.0, 0.0, 0.0, 1.0],
                [0.999988, -0.004863, -6.1e-05, 0.0, 0.004864, 0.999948, 0.009004, 0.05, 1.7e-05, -0.009004, 0.999959, 0.0, 0.0, 0.0, 0.0, 1.0],
                [0.999992, -0.003847, -5.4e-05, 0.0, 0.003847, 0.999962, 0.007857, 0.05, 2.4e-05, -0.007857, 0.999969, -0.0, 0.0, 0.0, 0.0, 1.0],
                [0.999997, -0.002461, -4.7e-05, 0.0, 0.002462, 0.999977, 0.006293, 0.05, 3.1e-05, -0.006294, 0.99998, 0.0, 0.0, 0.0, 0.0, 1.0],
                [0.999999, -0.001076, -4.1e-05, 0.0, 0.001076, 0.999988, 0.00473, 0.05, 3.6e-05, -0.00473, 0.999989, -0.0, 0.0, 0.0, 0.0, 1.0],
