{
    "animation": [
        {
            "name": "Root",
            "time": [0.0833, 0.1, 0.1167, 0.1333, 0.15, 0.1667, 0.1833, 0.2, 0.2167, 0.2333, 0.25, 0.2667, 0.2833, 0.3, 0.3167, 0.3333, 0.35, 0.3667, 0.3833, 0.4, 0.4167, 0.4333, 0.45, 0.4667, 0.4833, 0.5, 0.5167, 0.5333, 0.55, 0.5667, 0.5833, 0.6, 0.6167, 0.6333, 0.65, 0.6667, 0.6833, 0.7, 0.7167, 0.7333, 0.75, 0.7667, 0.7833, 0.8, 0.8167, 0.8333, 0.85, 0.8667, 0.8833, 0.9, 0.9167, 0.9333, 0.95, 0.9667, 0.9833, 1.0, 1.0167, 1.0333, 1.05, 1.0667, 1.0833, 1.1, 1.1167, 1.1333, 1.15, 1.1667, 1.1833, 1.2, 1.2167, 1.2333, 1.25, 1.2667, 1.2833, 1.3, 1.3167, 1.3333, 1.35, 1.3667, 1.3833, 1.4, 1.4167, 1.4333, 1.45, 1.4667, 1.4833, 1.5, 1.5167, 1.5333, 1.55, 1.5667, 1.5833, 1.6, 1.6167, 1.6333, 1.65, 1.6667, 1.6833, 1.7, 1.7167, 1.7333, 1.75, 1.7667, 1.7833, 1.8, 1.8167, 1.8333, 1.85, 1.8667, 1.8833, 1.9, 1.9167, 1.9333, 1.95, 1.9667, 1.9833, 2.0, 2.0167, 2.0333, 2.05, 2.0667, 2.0833, 2.1, 2.1167, 2.1333, 2.15, 2.1667, 2.1833, 2.2, 2.2167, 2.2333, 2.25, 2.2667, 2.2833, 2.3, 2.3167, 2.3333, 2.35, 2.3667, 2.3833, 2.4, 2.4167, 2.4333, 2.45, 2.4667, 2.4833, 2.5],
            "transform": [
                [0.931015, 0.0, -0.364982, -5e-06, -0.364982, 0.0, -0.931015, 0.000946, 0.0, 1.0, 0.0, 0.755188, 0.0, 0.0, 0.0, 1.0],
                [0.931015, 0.0, -0.364982, -5e-06, -0.364982, 0.0, -0.931015, 0.000946, 0.0, 1.0, 0.0, 0.755087, 0.0, 0.0, 0.0, 1.0],
                [0.931015, 0.0, -0.364982, -5e-06, -0.364982, 0.0, -0.931015, 0.000946, 0.0, 1.0, 0.0, 0.754965, 0.0, 0.0, 0.0, 1.0],
                [0.931015, 0.0, -0.364982, -5e-06, -0.364982, 0.0, -0.931015, 0.000946, 0.0, 1.0, 0.0, 0.754823, 0.0, 0.0, 0.0, 1.0],
                [0.931015, 0.0, -0.364982, -5e-06, -0.364982, 0.0, -0.931015, 0.000946, 0.0, 1.0, 0.0, 0.754662, 0.0, 0.0, 0.0, 1.0],
                [0.931015, 0.0, -0.364982, -5e-06, -0.364982, 0.0, -0.931015, 0.000946, 0.0, 1.0, 0.0, 0.754482, 0.0, 0.0, 0.0, 1.0],
                [0.931015, 0.0, -0.364982, -5e-06, -0.364982, 0.0, -0.931015, 0.000946, 0.0, 1.0, 0.0, 0.754284, 0.0, 0.0, 0.0, 1.0],
                [0.931015, 0.0, -0.364982, -5e-06, -0.364982, 0.0, -0.931015, 0.000946, 0.0, 1.0, 0.0, 0.754068, 0.0, 0.0, 0.0, 1.0],
                [0.931015, 0.0, -0.364982, -5e-06, -0.364982, 0.0, -0.931015, 0.000946, 0.0, 1.0, 0.0, 0.753836, 0.0, 0.0, 0.0, 1.0],
                [0.931015, 0.0, -0.364982, -5e-06, -0.364982, 0.0, -0.931015, 0.000946, 0.0, 1.0, 0.0, 0.753587, 0.0, 0.0, 0.0, 1.0],
                [0.931015, 0.0, -0.364982, -5e-06, -0.364982, 0.0, -0.931015, 0.000946, 0.0, 1.0, 0.0, 0.753323, 0.0, 0.0, 0.0, 1.0],
                [0.931015, 0.0, -0.364982, -5e-06, -0.364982, 0.0, -0.931015, 0.000946, 0.0, 1.0, 0.0, 0.753044, 0.0, 0.0, 0.0, 1.0],
                [0.931015, 0.0, -0.364982, -5e-06, -0.364982, 0.0, -0.931015, 0.000946, 0.0, 1.0, 0.0, 0.752751, 0.0, 0.0, 0.0, 1.0],
                [0.931015, 0.0, -0.364982, -5e-06, -0.364982, 0.0, -0.931015, 0.000946, 0.0, 1.0, 0.0, 0.752444, 0.0, 0.0, 0.0, 1.0],
                [0.931015, 0.0, -0.364982, -5e-06, -0.364982, 0.0, -0.931015, 0.000946, 0.0, 1.0, 0.0, 0.752124, 0.0, 0.0, 0.0, 1.0],
                [0.931015, 0.0, -0.364982, -5e-06, -0.364982, 0.0, -0.931015, 0.000946, 0.0, 1.0, 0.0, 0.751792, 0.0, 0.0, 0.0, 1.0],
                [0.931015, 0.0, -0.364982, -5e-06, -0.364982, 0.0, -0.931015, 0.000946, 0.0, 1.0, 0.0, 0.751449, 0.0, 0.0, 0.0, 1.0],
                [0.931015, 0.0, -0.364982, -5e-06, -0.364982, 0.0, -0.931015, 0.000946, 0.0, 1.0, 0.0, 0.751094, 0.0, 0.0, 0.0, 1.0],
                [0.931015, 0.0, -0.364982, -5e-06, -0.364982, 0.0, -0.931015, 0.000946, 0.0, 1.0, 0.0, 0.750729, 0.0, 0.0, 0.0, 1.0],
                [0.931015, 0.0, -0.364982, -5e-06, -0.364982, 0.0, -0.931015, 0.000946, 0.0, 1.0, 0.0, 0.750354, 0.0, 0.0, 0.0, 1.0],
                [0.931015, 0.0, -0.364982, -5e-06, -0.364982, 0.0, -0.931015, 0.000946, 0.0, 1.0, 0.0, 0.749971, 0.0, 0.0, 0.0, 1.0],
                [0.931015, 0.0, -0.364982, -5e-06, -0.364982, 0.0, -0.931015, 0.000946, 0.0, 1.0, 0.0, 0.749578, 0.0, 0.0, 0.0, 1.0],
                [0.931015, 0.0, -0.364982, -5e-06, -0.364982, 0.0, -0.931015, 0.000946, 0.0, 1.0, 0.0, 0.749178, 0.0, 0.0, 0.0, 1.0],
                [0.931015, 0.0, -0.364982, -5e-06, -0.364982, 0.0, -0.931015, 0.000946, 0.0, 1.0, 0.0, 0.748771, 0.0, 0.0, 0.0, 1.0],
                [0.931015, 0.0, -0.364982, -5e-06, -0.364982, 0.0, -0.931015, 0.000946, 0.0, 1.0, 0.0, 0.748358, 0.0, 0.0, 0.0, 1.0],
                [0.931015, 0.0, -0.364982, -5e-06, -0.364982, 0.0, -0.931015, 0.000946, 0.0, 1.0, 0.0, 0.747939, 0.0, 0.0, 0.0, 1.0],
                [0.931015, 0.0, -0.364982, -5e-06, -0.364982, 0.0, -0.931015, 0.000946, 0.0, 1.0, 0.0, 0.747514, 0.0, 0.0, 0.0, 1.0],
                [0.931015, 0.0, -0.364982, -5e-06, -0.364982, 0.0, -0.931015, 0.000946, 0.0, 1.0, 0.0, 0.747085, 0.0, 0.0, 0.0, 1.0],
                [0.931015, 0.0, -0.364982, -5e-06, -0.364982, 0.0, -0.931015, 0.000946, 0.0, 1.0, 0.0, 0.746652, 0.0, 0.0, 0.0, 1.0],
                [0.931015, 0.0, -0.364982, -5e-06, -0.364982, 0.0, -0.931015, 0.000946, 0.0, 1.0, 0.0, 0.746216, 0.0, 0.0, 0.0, 1.0],
                [0.931015, 0.0, -0.364982, -5e-06, -0.364982, 0.0, -0.931015, 0.000946, 0.0, 1.0, 0.0, 0.745777, 0.0, 0.0, 0.0, 1.0],
                [0.931015, 0.0, -0.364982, -5e-06, -0.364982, 0.0, -0.931015, 0.000946, 0.0, 1.0, 0.0, 0.745337, 0.0, 0.0, 0.0, 1.0],
                [0.931015, 0.0, -0.364982, -5e-06, -0.364982, 0.0, -0.931015, 0.000946, 0.0, 1.0, 0.0, 0.744895, 0.0, 0.0, 0.0, 1.0],
                [0.931015, 0.0, -0.364982, -5e-06, -0.364982, 0.0, -0.931015, 0.000946, 0.0, 1.0, 0.0, 0.744452, 0.0, 0.0, 0.0, 1.0],
                [0.931015, 0.0, -0.364982, -5e-06, -0.364982, 0.0, -0.931015, 0.000946, 0.0, 1.0, 0.0, 0.744009, 0.0, 0.0, 0.0, 1.0],
                [0.931015, 0.0, -0.364982, -5e-06, -0.364982, 0.0, -0.931015, 0.000946, 0.0, 1.0, 0.0, 0.743568, 0.0, 0.0, 0.0, 1.0],
                [0.931015, 0.0, -0.364982, -5e-06, -0.364982, 0.0, -0.931015, 0.000946, 0.0, 1.0, 0.0, 0.743127, 0.0, 0.0, 0.0, 1.0],
                [0.931015, 0.0, -0.364982, -5e-06, -0.364982, 0.0, -0.931015, 0.000946, 0.0, 1.0, 0.0, 0.742688, 0.0, 0.0, 0.0, 1.0],
                [0.931015, 0.0, -0.364982, -5e-06, -0.364982, 0.0, -0.931015, 0.000946, 0.0, 1.0, 0.0, 0.742252, 0.0, 0.0, 0.0, 1.0],
                [0.931015, 0.0, -0.364982, -5e-06, -0.364982, 0.0, -0.931015, 0.000946, 0.0, 1.0, 0.0, 0.741819, 0.0, 0.0, 0.0, 1.0],
                [0.931015, 0.0, -0.364982, -5e-06, -0.364982, 0.0, -0.931015, 0.000946, 0.0, 1.0, 0.0, 0.74139, 0.0, 0.0, 0.0, 1.0],
                [0.931015, 0.0, -0.364982, -5e-06, -0.364982, 0.0, -0.931015, 0.000946, 0.0, 1.0, 0.0, 0.740966, 0.0, 0.0, 0.0, 1.0],
                [0.931015, 0.0, -0.364982, -5e-06, -0.364982, 0.0, -0.931015, 0.000946, 0.0, 1.0, 0.0, 0.740546, 0.0, 0.0, 0.0, 1.0],
                [0.931015, 0.0, -0.364982, -5e-06, -0.364982, 0.0, -0.931015, 0.000946, 0.0, 1.0, 0.0, 0.740133, 0.0, 0.0, 0.0, 1.0],
                [0.931015, 0.0, -0.364982, -5e-06, -0.364982, 0.0, -0.931015, 0.000946, 0.0, 1.0, 0.0, 0.739726, 0.0, 0.0, 0.0, 1.0],
                [0.931015, 0.0, -0.364982, -5e-06, -0.364982, 0.0, -0.931015, 0.000946, 0.0, 1.0, 0.0, 0.739326, 0.0, 0.0, 0.0, 1.0],
                [0.931015, 0.0, -0.364982, -5e-06, -0.364982, 0.0, -0.931015, 0.000946, 0.0, 1.0, 0.0, 0.738934, 0.0, 0.0, 0.0, 1.0],
                [0.931015, 0.0, -0.364982, -5e-06, -0.364982, 0.0, -0.931015, 0.000946, 0.0, 1.0, 0.0, 0.73855, 0.0, 0.0, 0.0, 1.0],
                [0.931015, 0.0, -0.364982, -5e-06, -0.364982, 0.0, -0.931015, 0.000946, 0.0, 1.0, 0.0, 0.738175, 0.0, 0.0, 0.0, 1.0],
                [0.931015, 0.0, -0.364982, -5e-06, -0.364982, 0.0, -0.931015, 0.000946, 0.0, 1.0, 0.0, 0.73781, 0.0, 0.0, 0.0, 1.0],
                [0.931015, 0.0, -0.364982, -5e-06, -0.364982, 0.0, -0.931015, 0.000946, 0.0, 1.0, 0.0, 0.737456, 0.0, 0.0, 0.0, 1.0],
                [0.931015, 0.0, -0.364982, -5e-06, -0.364982, 0.0, -0.931015, 0.000946, 0.0, 1.0, 0.0, 0.737112, 0.0, 0.0, 0.0, 1.0],
                [0.931015, 0.0, -0.364982, -5e-06, -0.364982, 0.0, -0.931015, 0.000946, 0.0, 1.0, 0.0, 0.73678, 0.0, 0.0, 0.0, 1.0],
                [0.931015, 0.0, -0.364982, -5e-06, -0.364982, 0.0, -0.931015, 0.000946, 0.0, 1.0, 0.0, 0.73646, 0.0, 0.0, 0.0, 1.0],
                [0.931015, 0.0, -0.364982, -5e-06, -0.364982, 0.0, -0.931015, 0.000946, 0.0, 1.0, 0.0, 0.736153, 0.0, 0.0, 0.0, 1.0],
                [0.931015, 0.0, -0.364982, -5e-06, -0.364982, 0.0, -0.931015, 0.000946, 0.0, 1.0, 0.0, 0.73586, 0.0, 0.0, 0.0, 1.0],
                [0.931015, 0.0, -0.364982, -5e-06, -0.364982, 0.0, -0.931015, 0.000946, 0.0, 1.0, 0.0, 0.735581, 0.0, 0.0, 0.0, 1.0],
                [0.931015, 0.0, -0.364982, -5e-06, -0.364982, 0.0, -0.931015, 0.000946, 0.0, 1.0, 0.0, 0.735317, 0.0, 0.0, 0.0, 1.0],
                [0.931015, 0.0, -0.364982, -5e-06, -0.364982, 0.0, -0.931015, 0.000946, 0.0, 1.0, 0.0, 0.735069, 0.0, 0.0, 0.0, 1.0],
                [0.931015, 0.0, -0.364982, -5e-06, -0.364982, 0.0, -0.931015, 0.000946, 0.0, 1.0, 0.0, 0.734836, 0.0, 0.0, 0.0, 1.0],
                [0.931015, 0.0, -0.364982, -5e-06, -0.364982, 0.0, -0.931015, 0.000946, 0.0, 1.0, 0.0, 0.734621, 0.0, 0.0, 0.0, 1.0],
                [0.931015, 0.0, -0.364982, -5e-06, -0.364982, 0.0, -0.931015, 0.000946, 0.0, 1.0, 0.0, 0.734423, 0.0, 0.0, 0.0, 1.0],
                [0.931015, 0.0, -0.364982, -5e-06, -0.364982, 0.0, -0.931015, 0.000946, 0.0, 1.0, 0.0, 0.734243, 0.0, 0.0, 0.0, 1.0],
                [0.931015, 0.0, -0.364982, -5e-06, -0.364982, 0.0, -0.931015, 0.000946, 0.0, 1.0, 0.0, 0.734081, 0.0, 0.0, 0.0, 1.0],
                [0.931015, 0.0, -0.364982, -5e-06, -0.364982, 0.0, -0.931015, 0.000946, 0.0, 1.0, 0.0, 0.733939, 0.0, 0.0, 0.0, 1.0],
                [0.931015, 0.0, -0.364982, -5e-06, -0.364982, 0.0, -0.931015, 0.000946, 0.0, 1.0, 0.0, 0.733818, 0.0, 0.0, 0.0, 1.0],
                [0.931015, 0.0, -0.364982, -5e-06, -0.364982, 0.0, -0.931015, 0.000946, 0.0, 1.0, 0.0, 0.733716, 0.0, 0.0, 0.0, 1.0],
                [0.931015, 0.0, -0.364982, -5e-06, -0.364982, 0.0, -0.931015, 0.000946, 0.0, 1.0, 0.0, 0.733637, 0.0, 0.0, 0.0, 1.0],
                [0.931015, 0.0, -0.364982, -5e-06, -0.364982, 0.0, -0.931015, 0.000946, 0.0, 1.0, 0.0, 0.733579, 0.0, 0.0, 0.0, 1.0],
                [0.931015, 0.0, -0.364982, -5e-06, -0.364982, 0.0, -0.931015, 0.000946, 0.0, 1.0, 0.0, 0.733544, 0.0, 0.0, 0.0, 1.0],
                [0.931015, 0.0, -0.364982, -5e-06, -0.364982, 0.0, -0.931015, 0.000946, 0.0, 1.0, 0.0, 0.733532, 0.0, 0.0, 0.0, 1.0],
                [0.931015, 0.0, -0.364982, -5e-06, -0.364982, 0.0, -0.931015, 0.000946, 0.0, 1.0, 0.0, 0.733544, 0.0, 0.0, 0.0, 1.0],
                [0.931015, 0.0, -0.364982, -5e-06, -0.364982, 0.0, -0.931015, 0.000946, 0.0, 1.0, 0.0, 0.733578, 0.0, 0.0, 0.0, 1.0],
                [0.931015, 0.0, -0.364982, -5e-06, -0.364982, 0.0, -0.931015, 0.000946, 0.0, 1.0, 0.0, 0.733634, 0.0, 0.0, 0.0, 1.0],
                [0.931015, 0.0, -0.364982, -5e-06, -0.364982, 0.0, -0.931015, 0.000946, 0.0, 1.0, 0.0, 0.733712, 0.0, 0.0, 0.0, 1.0],
                [0.931015, 0.0, -0.364982, -5e-06, -0.364982, 0.0, -0.931015, 0.000946, 0.0, 1.0, 0.0, 0.73381, 0.0, 0.0, 0.0, 1.0],
                [0.931015, 0.0, -0.364982, -5e-06, -0.364982, 0.0, -0.931015, 0.000946, 0.0, 1.0, 0.0, 0.733929, 0.0, 0.0, 0.0, 1.0],
                [0.931015, 0.0, -0.364982, -5e-06, -0.364982, 0.0, -0.931015, 0.000946, 0.0, 1.0, 0.0, 0.734067, 0.0, 0.0, 0.0, 1.0],
                [0.931015, 0.0, -0.364982, -5e-06, -0.364982, 0.0, -0.931015, 0.000946, 0.0, 1.0, 0.0, 0.734224, 0.0, 0.0, 0.0, 1.0],
                [0.931015, 0.0, -0.364982, -5e-06, -0.364982, 0.0, -0.931015, 0.000946, 0.0, 1.0, 0.0, 0.7344, 0.0, 0.0, 0.0, 1.0],
                [0.931015, 0.0, -0.364982, -5e-06, -0.364982, 0.0, -0.931015, 0.000946, 0.0, 1.0, 0.0, 0.734593, 0.0, 0.0, 0.0, 1.0],
                [0.931015, 0.0, -0.364982, -5e-06, -0.364982, 0.0, -0.931015, 0.000946, 0.0, 1.0, 0.0, 0.734804, 0.0, 0.0, 0.0, 1.0],
                [0.931015, 0.0, -0.364982, -5e-06, -0.364982, 0.0, -0.931015, 0.000946, 0.0, 1.0, 0.0, 0.73503, 0.0, 0.0, 0.0, 1.0],
                [0.931015, 0.0, -0.364982, -5e-06, -0.364982, 0.0, -0.931015, 0.000946, 0.0, 1.0, 0.0, 0.735273, 0.0, 0.0, 0.0, 1.0],
                [0.931015, 0.0, -0.364982, -5e-06, -0.364982, 0.0, -0.931015, 0.000946, 0.0, 1.0, 0.0, 0.735531, 0.0, 0.0, 0.0, 1.0],
                [0.931015, 0.0, -0.364982, -5e-06, -0.364982, 0.0, -0.931015, 0.000946, 0.0, 1.0, 0.0, 0.735803, 0.0, 0.0, 0.0, 1.0],
                [0.931015, 0.0, -0.364982, -5e-06, -0.364982, 0.0, -0.931015, 0.000946, 0.0, 1.0, 0.0, 0.73609, 0.0, 0.0, 0.0, 1.0],
                [0.931015, 0.0, -0.364982, -5e-06, -0.364982, 0.0, -0.931015, 0.000946, 0.0, 1.0, 0.0, 0.73639, 0.0, 0.0, 0.0, 1.0],
                [0.931015, 0.0, -0.364982, -5e-06, -0.364982, 0.0, -0.931015, 0.000946, 0.0, 1.0, 0.0, 0.736702, 0.0, 0.0, 0.0, 1.0],
                [0.931015, 0.0, -0.364982, -5e-06, -0.364982, 0.0, -0.931015, 0.000946, 0.0, 1.0, 0.0, 0.737027, 0.0, 0.0, 0.0, 1.0],
                [0.931015, 0.0, -0.364982, -5e-06, -0.364982, 0.0, -0.931015, 0.000946, 0.0, 1.0, 0.0, 0.737363, 0.0, 0.0, 0.0, 1.0],
                [0.931015, 0.0, -0.364982, -5e-06, -0.364982, 0.0, -0.931015, 0.000946, 0.0, 1.0, 0.0, 0.73771, 0.0, 0.0, 0.0, 1.0],
                [0.931015, 0.0, -0.364982, -5e-06, -0.364982, 0.0, -0.931015, 0.000946, 0.0, 1.0, 0.0, 0.738067, 0.0, 0.0, 0.0, 1.0],
                [0.931015, 0.0, -0.364982, -5e-06, -0.364982, 0.0, -0.931015, 0.000946, 0.0, 1.0, 0.0, 0.738434, 0.0, 0.0, 0.0, 1.0],
                [0.931015, 0.0, -0.364982, -5e-06, -0.364982, 0.0, -0.931015, 0.000946, 0.0, 1.0, 0.0, 0.73881, 0.0, 0.0, 0.0, 1.0],
                [0.931015, 0.0, -0.364982, -5e-06, -0.364982, 0.0, -0.931015, 0.000946, 0.0, 1.0, 0.0, 0.739194, 0.0, 0.0, 0.0, 1.0],
                [0.931015, 0.0, -0.364982, -5e-06, -0.364982, 0.0, -0.931015, 0.000946, 0.0, 1.0, 0.0, 0.739586, 0.0, 0.0, 0.0, 1.0],
                [0.931015, 0.0, -0.364982, -5e-06, -0.364982, 0.0, -0.931015, 0.000946, 0.0, 1.0, 0.0, 0.739986, 0.0, 0.0, 0.0, 1.0],
                [0.931015, 0.0, -0.364982, -5e-06, -0.364982, 0.0, -0.931015, 0.000946, 0.0, 1.0, 0.0, 0.740391, 0.0, 0.0, 0.0, 1.0],
                [0.931015, 0.0, -0.364982, -5e-06, -0.364982, 0.0, -0.931015, 0.000946, 0.0, 1.0, 0.0, 0.740803, 0.0, 0.0, 0.0, 1.0],
                [0.931015, 0.0, -0.364982, -5e-06, -0.364982, 0.0, -0.931015, 0.000946, 0.0, 1.0, 0.0, 0.74122, 0.0, 0.0, 0.0, 1.0],
                [0.931015, 0.0, -0.364982, -5e-06, -0.364982, 0.0, -0.931015, 0.000946, 0.0, 1.0, 0.0, 0.741641, 0.0, 0.0, 0.0, 1.0],
                [0.931015, 0.0, -0.364982, -5e-06, -0.364982, 0.0, -0.931015, 0.000946, 0.0, 1.0, 0.0, 0.742067, 0.0, 0.0, 0.0, 1.0],
                [0.931015, 0.0, -0.364982, -5e-06, -0.364982, 0.0, -0.931015, 0.000946, 0.0, 1.0, 0.0, 0.742496, 0.0, 0.0, 0.0, 1.0],
                [0.931015, 0.0, -0.364982, -5e-06, -0.364982, 0.0, -0.931015, 0.000946, 0.0, 1.0, 0.0, 0.742928, 0.0, 0.0, 0.0, 1.0],
                [0.931015, 0.0, -0.364982, -5e-06, -0.364982, 0.0, -0.931015, 0.000946, 0.0, 1.0, 0.0, 0.743362, 0.0, 0.0, 0.0, 1.0],
                [0.931015, 0.0, -0.364982, -5e-06, -0.364982, 0.0, -0.931015, 0.000946, 0.0, 1.0, 0.0, 0.743797, 0.0, 0.0, 0.0, 1.0],
                [0.931015, 0.0, -0.364982, -5e-06, -0.364982, 0.0, -0.931015, 0.000946, 0.0, 1.0, 0.0, 0.744234, 0.0, 0.0, 0.0, 1.0],
                [0.931015, 0.0, -0.364982, -5e-06, -0.364982, 0.0, -0.931015, 0.000946, 0.0, 1.0, 0.0, 0.744671, 0.0, 0.0, 0.0, 1.0],
                [0.931015, 0.0, -0.364982, -5e-06, -0.364982, 0.0, -0.931015, 0.000946, 0.0, 1.0, 0.0, 0.745107, 0.0, 0.0, 0.0, 1.0],
                [0.931015, 0.0, -0.364982, -5e-06, -0.364982, 0.0, -0.931015, 0.000946, 0.0, 1.0, 0.0, 0.745543, 0.0, 0.0, 0.0, 1.0],
                [0.931015, 0.0, -0.364982, -5e-06, -0.364982, 0.0, -0.931015, 0.000946, 0.0, 1.0, 0.0, 0.745977, 0.0, 0.0, 0.0, 1.0],
                [0.931015, 0.0, -0.364982, -5e-06, -0.364982, 0.0, -0.931015, 0.000946, 0.0, 1.0, 0.0, 0.746408, 0.0, 0.0, 0.0, 1.0],
                [0.931015, 0.0, -0.364982, -5e-06, -0.364982, 0.0, -0.931015, 0.000946, 0.0, 1.0, 0.0, 0.746837, 0.0, 0.0, 0.0, 1.0],
                [0.931015, 0.0, -0.364982, -5e-06, -0.364982, 0.0, -0.931015, 0.000946, 0.0, 1.0, 0.0, 0.747263, 0.0, 0.0, 0.0, 1.0],
                [0.931015, 0.0, -0.364982, -5e-06, -0.364982, 0.0, -0.931015, 0.000946, 0.0, 1.0, 0.0, 0.747684, 0.0, 0.0, 0.0, 1.0],
                [0.931015, 0.0, -0.364982, -5e-06, -0.364982, 0.0, -0.931015, 0.000946, 0.0, 1.0, 0.0, 0.748101, 0.0, 0.0, 0.0, 1.0],
                [0.931015, 0.0, -0.364982, -5e-06, -0.364982, 0.0, -0.931015, 0.000946, 0.0, 1.0, 0.0, 0.748513, 0.0, 0.0, 0.0, 1.0],
                [0.931015, 0.0, -0.364982, -5e-06, -0.364982, 0.0, -0.931015, 0.000946, 0.0, 1.0, 0.0, 0.748919, 0.0, 0.0, 0.0, 1.0],
                [0.931015, 0.0, -0.364982, -5e-06, -0.364982, 0.0, -0.931015, 0.000946, 0.0, 1.0, 0.0, 0.749318, 0.0, 0.0, 0.0, 1.0],
                [0.931015, 0.0, -0.364982, -5e-06, -0.364982, 0.0, -0.931015, 0.000946, 0.0, 1.0, 0.0, 0.74971, 0.0, 0.0, 0.0, 1.0],
                [0.931015, 0.0, -0.364982, -5e-06, -0.364982, 0.0, -0.931015, 0.000946, 0.0, 1.0, 0.0, 0.750094, 0.0, 0.0, 0.0, 1.0],
                [0.931015, 0.0, -0.364982, -5e-06, -0.364982, 0.0, -0.931015, 0.000946, 0.0, 1.0, 0.0, 0.75047, 0.0, 0.0, 0.0, 1.0],
                [0.931015, 0.0, -0.364982, -5e-06, -0.364982, 0.0, -0.931015, 0.000946, 0.0, 1.0, 0.0, 0.750837, 0.0, 0.0, 0.0, 1.0],
                [0.931015, 0.0, -0.364982, -5e-06, -0.364982, 0.0, -0.931015, 0.000946, 0.0, 1.0, 0.0, 0.751194, 0.0, 0.0, 0.0, 1.0],
                [0.931015, 0.0, -0.364982, -5e-06, -0.364982, 0.0, -0.931015, 0.000946, 0.0, 1.0, 0.0, 0.751541, 0.0, 0.0, 0.0, 1.0],
                [0.931015, 0.0, -0.364982, -5e-06, -0.364982, 0.0, -0.931015, 0.000946, 0.0, 1.0, 0.0, 0.751877, 0.0, 0.0, 0.0, 1.0],
                [0.931015, 0.0, -0.364982, -5e-06, -0.364982, 0.0, -0.931015, 0.000946, 0.0, 1.0, 0.0, 0.752202, 0.0, 0.0, 0.0, 1.0],
                [0.931015, 0.0, -0.364982, -5e-06, -0.364982, 0.0, -0.931015, 0.000946, 0.0, 1.0, 0.0, 0.752515, 0.0, 0.0, 0.0, 1.0],
                [0.931015, 0.0, -0.364982, -5e-06, -0.364982, 0.0, -0.931015, 0.000946, 0.0, 1.0, 0.0, 0.752814, 0.0, 0.0, 0.0, 1.0],
                [0.931015, 0.0, -0.364982, -5e-06, -0.364982, 0.0, -0.931015, 0.000946, 0.0, 1.0, 0.0, 0.753101, 0.0, 0.0, 0.0, 1.0],
                [0.931015, 0.0, -0.364982, -5e-06, -0.364982, 0.0, -0.931015, 0.000946, 0.0, 1.0, 0.0, 0.753373, 0.0, 0.0, 0.0, 1.0],
                [0.931015, 0.0, -0.364982, -5e-06, -0.364982, 0.0, -0.931015, 0.000946, 0.0, 1.0, 0.0, 0.753631, 0.0, 0.0, 0.0, 1.0],
                [0.931015, 0.0, -0.364982, -5e-06, -0.364982, 0.0, -0.931015, 0.000946, 0.0, 1.0, 0.0, 0.753874, 0.0, 0.0, 0.0, 1.0],
                [0.931015, 0.0, -0.364982, -5e-06, -0.364982, 0.0, -0.931015, 0.000946, 0.0, 1.0, 0.0, 0.754101, 0.0, 0.0, 0.0, 1.0],
                [0.931015, 0.0, -0.364982, -5e-06, -0.364982, 0.0, -0.931015, 0.000946, 0.0, 1.0, 0.0, 0.754311, 0.0, 0.0, 0.0, 1.0],
                [0.931015, 0.0, -0.364982, -5e-06, -0.364982, 0.0, -0.931015, 0.000946, 0.0, 1.0, 0.0, 0.754504, 0.0, 0.0, 0.0, 1.0],
                [0.931015, 0.0, -0.364982, -5e-06, -0.364982, 0.0, -0.931015, 0.000946, 0.0, 1.0, 0.0, 0.75468, 0.0, 0.0, 0.0, 1.0],
                [0.931015, 0.0, -0.364982, -5e-06, -0.364982, 0.0, -0.931015, 0.000946, 0.0, 1.0, 0.0, 0.754837, 0.0, 0.0, 0.0, 1.0],
                [0.931015, 0.0, -0.364982, -5e-06, -0.364982, 0.0, -0.931015, 0.000946, 0.0, 1.0, 0.0, 0.754975, 0.0, 0.0, 0.0, 1.0],
                [0.931015, 0.0, -0.364982, -5e-06, -0.364982, 0.0, -0.931015, 0.000946, 0.0, 1.0, 0.0, 0.755094, 0.0, 0.0, 0.0, 1.0],
                [0.931015, 0.0, -0.364982, -5e-06, -0.364982, 0.0, -0.931015, 0.000946, 0.0, 1.0, 0.0, 0.755193, 0.0, 0.0, 0.0, 1.0],
                [0.931015, 0.0, -0.364982, -5e-06, -0.364982, 0.0, -0.931015, 0.000946, 0.0, 1.0, 0.0, 0.75527, 0.0, 0.0, 0.0, 1.0],
                [0.931015, 0.0, -0.364982, -5e-06, -0.364982, 0.0, -0.931015, 0.000946, 0.0, 1.0, 0.0, 0.755327, 0.0, 0.0, 0.0, 1.0],
                [0.931015, 0.0, -0.364982, -5e-06, -0.364982, 0.0, -0.931015, 0.000946, 0.0, 1.0, 0.0, 0.755361, 0.0, 0.0, 0.0, 1.0],
                [0.931015, 0.0, -0.364982, -5e-06, -0.364982, 0.0, -0.931015, 0.000946, 0.0, 1.0, 0.0, 0.755372, 0.0, 0.0, 0.0, 1.0]
            ]
        },
        {
            "name": "Thigh_R",
            "time": [0.0833, 0.1, 0.1167, 0.1333, 0.15, 0.1667, 0.1833, 0.2, 0.2167, 0.2333, 0.25, 0.2667, 0.2833, 0.3, 0.3167, 0.3333, 0.35, 0.3667, 0.3833, 0.4, 0.4167, 0.4333, 0.45, 0.4667, 0.4833, 0.5, 0.5167, 0.5333, 0.55, 0.5667, 0.5833, 0.6, 0.6167, 0.6333, 0.65, 0.6667, 0.6833, 0.7, 0.7167, 0.7333, 0.75, 0.7667, 0.7833, 0.8, 0.8167, 0.8333, 0.85, 0.8667, 0.8833, 0.9, 0.9167, 0.9333, 0.95, 0.9667, 0.9833, 1.0, 1.0167, 1.0333, 1.05, 1.0667, 1.0833, 1.1, 1.1167, 1.1333, 1.15, 1.1667, 1.1833, 1.2, 1.2167, 1.2333, 1.25, 1.2667, 1.2833, 1.3, 1.3167, 1.3333, 1.35, 1.3667, 1.3833, 1.4, 1.4167, 1.4333, 1.45, 1.4667, 1.4833, 1.5, 1.5167, 1.5333, 1.55, 1.5667, 1.5833, 1.6, 1.6167, 1.6333, 1.65, 1.6667, 1.6833, 1.7, 1.7167, 1.7333, 1.75, 1.7667, 1.7833, 1.8, 1.8167, 1.8333, 1.85, 1.8667, 1.8833, 1.9, 1.9167, 1.9333, 1.95, 1.9667, 1.9833, 2.0, 2.0167, 2.0333, 2.05, 2.0667, 2.0833, 2.1, 2.1167, 2.1333, 2.15, 2.1667, 2.1833, 2.2, 2.2167, 2.2333, 2.25, 2.2667, 2.2833, 2.3, 2.3167, 2.3333, 2.35, 2.3667, 2.3833, 2.4, 2.4167, 2.4333, 2.45, 2.4667, 2.4833, 2.5],
            "transform": [
                [0.976321, 0.07847, -0.201593, 0.124994, 0.141619, -0.936289, 0.321415, -0.002831, -0.163527, -0.342353, -0.925232, -1.2e-05, 0.0, 0.0, 0.0, 1.0],
                [0.976322, 0.078423, -0.201609, 0.124994, 0.14164, -0.936169, 0.321756, -0.002831, -0.163506, -0.342693, -0.92511, -1.2e-05, 0.0, 0.0, 0.0, 1.0],
                [0.976322, 0.078367, -0.201628, 0.124994, 0.141666, -0.936023, 0.322167, -0.002831, -0.163481, -0.343103, -0.924962, -1.2e-05, 0.0, 0.0, 0.0, 1.0],
                [0.976323, 0.078302, -0.20165, 0.124994, 0.141695, -0.935854, 0.322645, -0.002831, -0.163451, -0.343579, -0.924791, -1.2e-05, 0.0, 0.0, 0.0, 1.0],
                [0.976324, 0.078227, -0.201675, 0.124994, 0.141729, -0.935662, 0.323188, -0.002831, -0.163417, -0.344119, -0.924596, -1.2e-05, 0.0, 0.0, 0.0, 1.0],
                [0.976324, 0.078145, -0.201703, 0.124994, 0.141767, -0.935447, 0.323792, -0.002831, -0.16338, -0.344721, -0.924378, -1.2e-05, 0.0, 0.0, 0.0, 1.0],
                [0.976325, 0.078054, -0.201734, 0.124994, 0.141808, -0.935211, 0.324456, -0.002831, -0.163338, -0.345382, -0.924139, -1.2e-05, 0.0, 0.0, 0.0, 1.0],
                [0.976326, 0.077956, -0.201767, 0.124994, 0.141853, -0.934954, 0.325176, -0.002831, -0.163293, -0.346099, -0.923878, -1.2e-05, 0.0, 0.0, 0.0, 1.0],
                [0.976327, 0.07785, -0.201803, 0.124994, 0.141902, -0.934676, 0.325953, -0.002831, -0.163244, -0.346872, -0.923597, -1.2e-05, 0.0, 0.0, 0.0, 1.0],
                [0.976328, 0.077738, -0.20184, 0.124994, 0.141954, -0.93438, 0.326779, -0.002831, -0.163192, -0.347696, -0.923297, -1.2e-05, 0.0, 0.0, 0.0, 1.0],
                [0.97633, 0.077619, -0.20188, 0.124994, 0.142009, -0.934064, 0.327655, -0.002831, -0.163137, -0.348568, -0.922977, -1.2e-05, 0.0, 0.0, 0.0, 1.0],
                [0.976331, 0.077494, -0.201922, 0.124994, 0.142068, -0.933731, 0.328578, -0.002831, -0.163078, -0.349488, -0.92264, -1.2e-05, 0.0, 0.0, 0.0, 1.0],
                [0.976332, 0.077363, -0.201966, 0.124994, 0.14213, -0.93338, 0.329546, -0.002831, -0.163017, -0.350451, -0.922285, -1.2e-05, 0.0, 0.0, 0.0, 1.0],
                [0.976334, 0.077227, -0.202012, 0.124994, 0.142194, -0.933014, 0.330554, -0.002831, -0.162952, -0.351456, -0.921914, -1.2e-05, 0.0, 0.0, 0.0, 1.0],
                [0.976335, 0.077085, -0.202059, 0.124994, 0.142262, -0.932632, 0.331603, -0.002831, -0.162885, -0.352501, -0.921527, -1.2e-05, 0.0, 0.0, 0.0, 1.0],
                [0.976336, 0.076939, -0.202107, 0.124994, 0.142332, -0.932235, 0.332687, -0.002831, -0.162815, -0.353581, -0.921126, -1.2e-05, 0.0, 0.0, 0.0, 1.0],
                [0.976338, 0.076789, -0.202157, 0.124994, 0.142404, -0.931823, 0.333806, -0.002831, -0.162742, -0.354696, -0.92071, -1.2e-05, 0.0, 0.0, 0.0, 1.0],
                [0.97634, 0.076634, -0.202208, 0.124994, 0.142479, -0.931399, 0.334957, -0.002831, -0.162667, -0.355842, -0.920281, -1.2e-05, 0.0, 0.0, 0.0, 1.0],
                [0.976341, 0.076477, -0.20226, 0.124994, 0.142556, -0.930962, 0.336136, -0.002831, -0.16259, -0.357017, -0.919839, -1.2e-05, 0.0, 0.0, 0.0, 1.0],
                [0.976343, 0.076315, -0.202313, 0.124994, 0.142636, -0.930514, 0.337342, -0.002831, -0.162511, -0.358219, -0.919386, -1.2e-05, 0.0, 0.0, 0.0, 1.0],
                [0.976344, 0.076152, -0.202367, 0.124994, 0.142717, -0.930054, 0.338573, -0.002831, -0.162429, -0.359445, -0.918921, -1.2e-05, 0.0, 0.0, 0.0, 1.0],
                [0.976346, 0.075985, -0.202422, 0.124994, 0.1428, -0.929584, 0.339827, -0.002831, -0.162346, -0.360694, -0.918446, -1.2e-05, 0.0, 0.0, 0.0, 1.0],
                [0.976348, 0.075816, -0.202477, 0.124994, 0.142885, -0.929104, 0.3411, -0.002831, -0.162261, -0.361964, -0.917962, -1.2e-05, 0.0, 0.0, 0.0, 1.0],
                [0.97635, 0.075645, -0.202532, 0.124994, 0.142972, -0.928616, 0.342391, -0.002831, -0.162175, -0.363249, -0.917469, -1.2e-05, 0.0, 0.0, 0.0, 1.0],
                [0.976351, 0.075473, -0.202588, 0.124994, 0.14306, -0.92812, 0.343696, -0.002831, -0.162086, -0.36455, -0.916969, -1.2e-05, 0.0, 0.0, 0.0, 1.0],
                [0.976353, 0.075299, -0.202644, 0.124994, 0.143149, -0.927617, 0.345015, -0.002831, -0.161997, -0.365865, -0.916461, -1.2e-05, 0.0, 0.0, 0.0, 1.0],
                [0.976355, 0.075125, -0.202701, 0.124994, 0.14324, -0.927108, 0.346344, -0.002831, -0.161906, -0.36719, -0.915947, -1.2e-05, 0.0, 0.0, 0.0, 1.0],
                [0.976357, 0.074949, -0.202757, 0.124994, 0.143332, -0.926592, 0.347683, -0.002831, -0.161815, -0.368524, -0.915427, -1.2e-05, 0.0, 0.0, 0.0, 1.0],
                [0.976358, 0.074774, -0.202814, 0.124994, 0.143424, -0.926072, 0.349028, -0.002831, -0.161722, -0.369865, -0.914903, -1.2e-05, 0.0, 0.0, 0.0, 1.0],
                [0.97636, 0.074598, -0.20287, 0.124994, 0.143518, -0.925548, 0.350377, -0.002831, -0.161628, -0.37121, -0.914374, -1.2e-05, 0.0, 0.0, 0.0, 1.0],
                [0.976362, 0.074422, -0.202926, 0.124994, 0.143612, -0.92502, 0.35173, -0.002831, -0.161534, -0.372558, -0.913842, -1.2e-05, 0.0, 0.0, 0.0, 1.0],
                [0.976363, 0.074247, -0.202982, 0.124994, 0.143706, -0.92449, 0.353082, -0.002831, -0.161439, -0.373906, -0.913308, -1.2e-05, 0.0, 0.0, 0.0, 1.0],
                [0.976365, 0.074073, -0.203037, 0.124994, 0.143801, -0.923959, 0.354432, -0.002831, -0.161344, -0.375253, -0.912773, -1.2e-05, 0.0, 0.0, 0.0, 1.0],
                [0.976367, 0.073899, -0.203092, 0.124994, 0.143897, -0.923426, 0.35578, -0.002831, -0.161249, -0.376596, -0.912237, -1.2e-05, 0.0, 0.0, 0.0, 1.0],
                [0.976369, 0.073726, -0.203147, 0.124994, 0.143992, -0.922893, 0.357122, -0.002831, -0.161153, -0.377934, -0.911699, -1.2e-05, 0.0, 0.0, 0.0, 1.0],
                [0.97637, 0.073555, -0.203201, 0.124994, 0.144088, -0.92236, 0.358456, -0.002831, -0.161058, -0.379264, -0.911164, -1.2e-05, 0.0, 0.0, 0.0, 1.0],
                [0.976372, 0.073386, -0.203254, 0.124994, 0.144183, -0.921829, 0.359781, -0.002831, -0.160962, -0.380586, -0.91063, -1.2e-05, 0.0, 0.0, 0.0, 1.0],
                [0.976374, 0.073219, -0.203306, 0.124994, 0.144278, -0.921301, 0.361095, -0.002831, -0.160867, -0.381896, -0.910098, -1.2e-05, 0.0, 0.0, 0.0, 1.0],
                [0.976375, 0.073053, -0.203358, 0.124994, 0.144373, -0.920775, 0.362396, -0.002831, -0.160773, -0.383194, -0.909568, -1.2e-05, 0.0, 0.0, 0.0, 1.0],
                [0.976377, 0.07289, -0.203409, 0.124994, 0.144467, -0.920252, 0.363683, -0.002831, -0.160678, -0.384478, -0.909044, -1.2e-05, 0.0, 0.0, 0.0, 1.0],
                [0.976379, 0.07273, -0.203459, 0.124994, 0.14456, -0.919735, 0.364953, -0.002831, -0.160585, -0.385744, -0.908523, -1.2e-05, 0.0, 0.0, 0.0, 1.0],
                [0.97638, 0.072572, -0.203508, 0.124994, 0.144652, -0.919223, 0.366205, -0.002831, -0.160493, -0.386993, -0.908008, -1.2e-05, 0.0, 0.0, 0.0, 1.0],
                [0.976381, 0.072417, -0.203556, 0.124994, 0.144743, -0.918716, 0.367437, -0.002831, -0.160401, -0.388222, -0.9075, -1.2e-05, 0.0, 0.0, 0.0, 1.0],
                [0.976383, 0.072266, -0.203603, 0.124994, 0.144834, -0.918217, 0.368648, -0.002831, -0.160311, -0.38943, -0.906998, -1.2e-05, 0.0, 0.0, 0.0, 1.0],
                [0.976384, 0.072117, -0.203648, 0.124994, 0.144923, -0.917725, 0.369835, -0.002831, -0.160222, -0.390614, -0.906504, -1.2e-05, 0.0, 0.0, 0.0, 1.0],
                [0.976386, 0.071972, -0.203693, 0.124994, 0.14501, -0.917242, 0.370999, -0.002831, -0.160134, -0.391775, -0.906019, -1.2e-05, 0.0, 0.0, 0.0, 1.0],
                [0.976387, 0.071831, -0.203737, 0.124994, 0.145096, -0.916768, 0.372135, -0.002831, -0.160048, -0.392909, -0.905543, -1.2e-05, 0.0, 0.0, 0.0, 1.0],
                [0.976388, 0.071694, -0.203779, 0.124994, 0.14518, -0.916304, 0.373243, -0.002831, -0.159964, -0.394015, -0.905077, -1.2e-05, 0.0, 0.0, 0.0, 1.0],
                [0.97639, 0.07156, -0.203819, 0.124994, 0.145262, -0.915851, 0.374322, -0.002831, -0.159882, -0.395091, -0.904622, -1.2e-05, 0.0, 0.0, 0.0, 1.0],
                [0.976391, 0.071431, -0.203859, 0.124994, 0.145342, -0.915409, 0.375369, -0.002831, -0.159801, -0.396136, -0.904179, -1.2e-05, 0.0, 0.0, 0.0, 1.0],
                [0.976392, 0.071306, -0.203897, 0.124994, 0.14542, -0.91498, 0.376384, -0.002831, -0.159723, -0.397149, -0.903749, -1.2e-05, 0.0, 0.0, 0.0, 1.0],
                [0.976393, 0.071186, -0.203934, 0.124994, 0.145496, -0.914564, 0.377364, -0.002831, -0.159647, -0.398127, -0.903332, -1.2e-05, 0.0, 0.0, 0.0, 1.0],
                [0.976394, 0.07107, -0.203969, 0.124994, 0.145569, -0.914162, 0.378309, -0.002831, -0.159574, -0.39907, -0.902928, -1.2e-05, 0.0, 0.0, 0.0, 1.0],
                [0.976395, 0.070959, -0.204002, 0.124994, 0.14564, -0.913775, 0.379216, -0.002831, -0.159503, -0.399976, -0.90254, -1.2e-05, 0.0, 0.0, 0.0, 1.0],
                [0.976396, 0.070854, -0.204035, 0.124994, 0.145707, -0.913404, 0.380084, -0.002831, -0.159435, -0.400842, -0.902168, -1.2e-05, 0.0, 0.0, 0.0, 1.0],
                [0.976397, 0.070753, -0.204065, 0.124994, 0.145772, -0.913049, 0.380911, -0.002831, -0.159371, -0.401667, -0.901812, -1.2e-05, 0.0, 0.0, 0.0, 1.0],
                [0.976398, 0.070658, -0.204094, 0.124994, 0.145834, -0.91271, 0.381697, -0.002831, -0.159309, -0.402452, -0.901473, -1.2e-05, 0.0, 0.0, 0.0, 1.0],
                [0.976399, 0.070568, -0.204121, 0.124994, 0.145892, -0.91239, 0.38244, -0.002831, -0.15925, -0.403193, -0.901152, -1.2e-05, 0.0, 0.0, 0.0, 1.0],
                [0.9764, 0.070483, -0.204147, 0.124994, 0.145947, -0.912089, 0.383137, -0.002831, -0.159195, -0.403889, -0.90085, -1.2e-05, 0.0, 0.0, 0.0, 1.0],
                [0.9764, 0.070405, -0.20417, 0.124994, 0.145999, -0.911807, 0.383786, -0.002831, -0.159143, -0.404538, -0.900568, -1.2e-05, 0.0, 0.0, 0.0, 1.0],
                [0.976401, 0.070332, -0.204192, 0.124994, 0.146047, -0.911546, 0.384389, -0.002831, -0.159095, -0.40514, -0.900306, -1.2e-05, 0.0, 0.0, 0.0, 1.0],
                [0.976402, 0.070266, -0.204212, 0.124994, 0.146091, -0.911306, 0.384941, -0.002831, -0.159051, -0.405691, -0.900066, -1.2e-05, 0.0, 0.0, 0.0, 1.0],
                [0.976402, 0.070205, -0.20423, 0.124994, 0.146131, -0.911087, 0.385443, -0.002831, -0.159011, -0.406192, -0.899847, -1.2e-05, 0.0, 0.0, 0.0, 1.0],
                [0.976403, 0.070152, -0.204246, 0.124994, 0.146166, -0.910892, 0.385891, -0.002831, -0.158975, -0.406639, -0.899651, -1.2e-05, 0.0, 0.0, 0.0, 1.0],
                [0.976403, 0.070104, -0.204261, 0.124994, 0.146198, -0.91072, 0.386285, -0.002831, -0.158944, -0.407032, -0.899479, -1.2e-05, 0.0, 0.0, 0.0, 1.0],
                [0.976404, 0.070064, -0.204273, 0.124994, 0.146225, -0.910572, 0.386623, -0.002831, -0.158917, -0.407369, -0.899331, -1.2e-05, 0.0, 0.0, 0.0, 1.0],
                [0.976404, 0.07003, -0.204283, 0.124994, 0.146248, -0.910449, 0.386903, -0.002831, -0.158894, -0.40765, -0.899208, -1.2e-05, 0.0, 0.0, 0.0, 1.0],
                [0.976404, 0.070004, -0.204291, 0.124994, 0.146265, -0.910352, 0.387124, -0.002831, -0.158876, -0.40787, -0.899111, -1.2e-05, 0.0, 0.0, 0.0, 1.0],
                [0.976404, 0.069985, -0.204296, 0.124994, 0.146278, -0.910283, 0.387284, -0.002831, -0.158863, -0.408029, -0.899041, -1.2e-05, 0.0, 0.0, 0.0, 1.0],
                [0.976404, 0.069973, -0.2043, 0.124994, 0.146286, -0.91024, 0.387381, -0.002831, -0.158856, -0.408127, -0.898998, -1.2e-05, 0.0, 0.0, 0.0, 1.0],
                [0.976404, 0.069969, -0.204301, 0.124994, 0.146289, -0.910226, 0.387414, -0.002831, -0.158853, -0.40816, -0.898984, -1.2e-05, 0.0, 0.0, 0.0, 1.0],
                [0.976404, 0.069973, -0.2043, 0.124994, 0.146286, -0.910239, 0.387383, -0.002831, -0.158855, -0.408128, -0.898998, -1.2e-05, 0.0, 0.0, 0.0, 1.0],
                [0.976404, 0.069984, -0.204297, 0.124994, 0.146279, -0.910281, 0.387288, -0.002831, -0.158863, -0.408034, -0.899039, -1.2e-05, 0.0, 0.0, 0.0, 1.0],
                [0.976404, 0.070003, -0.204291, 0.124994, 0.146266, -0.910349, 0.387132, -0.002831, -0.158876, -0.407878, -0.899108, -1.2e-05, 0.0, 0.0, 0.0, 1.0],
                [0.976404, 0.070029, -0.204283, 0.124994, 0.146249, -0.910443, 0.386916, -0.002831, -0.158893, -0.407663, -0.899202, -1.2e-05, 0.0, 0.0, 0.0, 1.0],
                [0.976403, 0.070061, -0.204273, 0.124994, 0.146227, -0.910563, 0.386643, -0.002831, -0.158915, -0.40739, -0.899322, -1.2e-05, 0.0, 0.0, 0.0, 1.0],
                [0.976403, 0.070101, -0.204262, 0.124994, 0.1462, -0.910707, 0.386314, -0.002831, -0.158941, -0.407061, -0.899466, -1.2e-05, 0.0, 0.0, 0.0, 1.0],
                [0.976403, 0.070147, -0.204248, 0.124994, 0.14617, -0.910875, 0.38593, -0.002831, -0.158972, -0.406678, -0.899634, -1.2e-05, 0.0, 0.0, 0.0, 1.0],
                [0.976402, 0.070199, -0.204232, 0.124994, 0.146135, -0.911065, 0.385493, -0.002831, -0.159007, -0.406242, -0.899825, -1.2e-05, 0.0, 0.0, 0.0, 1.0],
                [0.976402, 0.070258, -0.204214, 0.124994, 0.146096, -0.911278, 0.385004, -0.002831, -0.159046, -0.405753, -0.900038, -1.2e-05, 0.0, 0.0, 0.0, 1.0],
                [0.976401, 0.070323, -0.204195, 0.124994, 0.146053, -0.911513, 0.384466, -0.002831, -0.159089, -0.405216, -0.900273, -1.2e-05, 0.0, 0.0, 0.0, 1.0],
                [0.976401, 0.070394, -0.204174, 0.124994, 0.146006, -0.911768, 0.383878, -0.002831, -0.159136, -0.404629, -0.900528, -1.2e-05, 0.0, 0.0, 0.0, 1.0],
                [0.9764, 0.07047, -0.20415, 0.124994, 0.145956, -0.912043, 0.383243, -0.002831, -0.159186, -0.403996, -0.900804, -1.2e-05, 0.0, 0.0, 0.0, 1.0],
                [0.976399, 0.070553, -0.204126, 0.124994, 0.145902, -0.912337, 0.382564, -0.002831, -0.15924, -0.403317, -0.901099, -1.2e-05, 0.0, 0.0, 0.0, 1.0],
                [0.976398, 0.07064, -0.204099, 0.124994, 0.145845, -0.912649, 0.381839, -0.002831, -0.159298, -0.402594, -0.901412, -1.2e-05, 0.0, 0.0, 0.0, 1.0],
                [0.976397, 0.070733, -0.204071, 0.124994, 0.145785, -0.912979, 0.381072, -0.002831, -0.159358, -0.401828, -0.901743, -1.2e-05, 0.0, 0.0, 0.0, 1.0],
                [0.976397, 0.070832, -0.204041, 0.124994, 0.145721, -0.913326, 0.380264, -0.002831, -0.159421, -0.401022, -0.90209, -1.2e-05, 0.0, 0.0, 0.0, 1.0],
                [0.976395, 0.070935, -0.20401, 0.124994, 0.145655, -0.91369, 0.379416, -0.002831, -0.159488, -0.400175, -0.902454, -1.2e-05, 0.0, 0.0, 0.0, 1.0],
                [0.976395, 0.071043, -0.203977, 0.124994, 0.145586, -0.914068, 0.37853, -0.002831, -0.159557, -0.399291, -0.902834, -1.2e-05, 0.0, 0.0, 0.0, 1.0],
                [0.976393, 0.071156, -0.203943, 0.124994, 0.145515, -0.914461, 0.377607, -0.002831, -0.159629, -0.39837, -0.903228, -1.2e-05, 0.0, 0.0, 0.0, 1.0],
                [0.976392, 0.071274, -0.203907, 0.124994, 0.145441, -0.914868, 0.376649, -0.002831, -0.159703, -0.397413, -0.903636, -1.2e-05, 0.0, 0.0, 0.0, 1.0],
                [0.976391, 0.071396, -0.20387, 0.124994, 0.145365, -0.915288, 0.375657, -0.002831, -0.159779, -0.396423, -0.904057, -1.2e-05, 0.0, 0.0, 0.0, 1.0],
                [0.97639, 0.071522, -0.203831, 0.124994, 0.145286, -0.91572, 0.374632, -0.002831, -0.159858, -0.395401, -0.904491, -1.2e-05, 0.0, 0.0, 0.0, 1.0],
                [0.976389, 0.071652, -0.203791, 0.124994, 0.145205, -0.916164, 0.373577, -0.002831, -0.159939, -0.394348, -0.904936, -1.2e-05, 0.0, 0.0, 0.0, 1.0],
                [0.976388, 0.071787, -0.20375, 0.124994, 0.145123, -0.916618, 0.372493, -0.002831, -0.160021, -0.393266, -0.905393, -1.2e-05, 0.0, 0.0, 0.0, 1.0],
                [0.976386, 0.071925, -0.203708, 0.124994, 0.145039, -0.917083, 0.37138, -0.002831, -0.160105, -0.392156, -0.905859, -1.2e-05, 0.0, 0.0, 0.0, 1.0],
                [0.976385, 0.072067, -0.203664, 0.124994, 0.144953, -0.917556, 0.370242, -0.002831, -0.160191, -0.39102, -0.906334, -1.2e-05, 0.0, 0.0, 0.0, 1.0],
                [0.976383, 0.072212, -0.203619, 0.124994, 0.144866, -0.918039, 0.369078, -0.002831, -0.160279, -0.38986, -0.906819, -1.2e-05, 0.0, 0.0, 0.0, 1.0],
                [0.976382, 0.07236, -0.203573, 0.124994, 0.144777, -0.918529, 0.367891, -0.002831, -0.160367, -0.388675, -0.907312, -1.2e-05, 0.0, 0.0, 0.0, 1.0],
                [0.976381, 0.072512, -0.203526, 0.124994, 0.144688, -0.919026, 0.366684, -0.002831, -0.160457, -0.387471, -0.907811, -1.2e-05, 0.0, 0.0, 0.0, 1.0],
                [0.976379, 0.072666, -0.203479, 0.124994, 0.144597, -0.919529, 0.365456, -0.002831, -0.160548, -0.386246, -0.908316, -1.2e-05, 0.0, 0.0, 0.0, 1.0],
                [0.976378, 0.072824, -0.20343, 0.124994, 0.144505, -0.920038, 0.36421, -0.002831, -0.16064, -0.385003, -0.908828, -1.2e-05, 0.0, 0.0, 0.0, 1.0],
                [0.976376, 0.072984, -0.20338, 0.124994, 0.144413, -0.920551, 0.362947, -0.002831, -0.160732, -0.383744, -0.909344, -1.2e-05, 0.0, 0.0, 0.0, 1.0],
                [0.976374, 0.073146, -0.203329, 0.124994, 0.14432, -0.921069, 0.361669, -0.002831, -0.160826, -0.382469, -0.909864, -1.2e-05, 0.0, 0.0, 0.0, 1.0],
                [0.976373, 0.07331, -0.203278, 0.124994, 0.144226, -0.921589, 0.360378, -0.002831, -0.160919, -0.381182, -0.910388, -1.2e-05, 0.0, 0.0, 0.0, 1.0],
                [0.976371, 0.073476, -0.203225, 0.124994, 0.144132, -0.922112, 0.359075, -0.002831, -0.161013, -0.379882, -0.910914, -1.2e-05, 0.0, 0.0, 0.0, 1.0],
                [0.97637, 0.073644, -0.203173, 0.124994, 0.144038, -0.922637, 0.357763, -0.002831, -0.161107, -0.378573, -0.911443, -1.2e-05, 0.0, 0.0, 0.0, 1.0],
                [0.976368, 0.073814, -0.203119, 0.124994, 0.143944, -0.923163, 0.356443, -0.002831, -0.161202, -0.377257, -0.911972, -1.2e-05, 0.0, 0.0, 0.0, 1.0],
                [0.976366, 0.073984, -0.203065, 0.124994, 0.14385, -0.923689, 0.355116, -0.002831, -0.161296, -0.375934, -0.912501, -1.2e-05, 0.0, 0.0, 0.0, 1.0],
                [0.976364, 0.074156, -0.203011, 0.124994, 0.143756, -0.924214, 0.353784, -0.002831, -0.16139, -0.374606, -0.91303, -1.2e-05, 0.0, 0.0, 0.0, 1.0],
                [0.976363, 0.074329, -0.202956, 0.124994, 0.143662, -0.924738, 0.352451, -0.002831, -0.161484, -0.373277, -0.913558, -1.2e-05, 0.0, 0.0, 0.0, 1.0],
