{
    "animation": [
        {
            "name": "Root",
            "time": [0.0167, 0.0333, 0.05, 0.0667, 0.0833, 0.1, 0.1167, 0.1333, 0.15, 0.1667, 0.1833, 0.2, 0.2167, 0.2333, 0.25, 0.2667, 0.2833, 0.3, 0.3167, 0.3333, 0.35, 0.3667, 0.3833, 0.4, 0.4167, 0.4333, 0.45, 0.4667, 0.4833, 0.5, 0.5167, 0.5333, 0.55, 0.5667, 0.5833, 0.6, 0.6167, 0.6333, 0.65, 0.6667, 0.6833, 0.7, 0.7167, 0.7333, 0.75, 0.7667, 0.7833, 0.8, 0.8167, 0.8333, 0.85, 0.8667, 0.8833, 0.9, 0.9167, 0.9333, 0.95, 0.9667, 0.9833, 1.0, 1.0167, 1.0333, 1.05, 1.0667, 1.0833, 1.1, 1.1167, 1.1333, 1.15, 1.1667, 1.1833, 1.2, 1.2167, 1.2333, 1.25, 1.2667, 1.2833, 1.3, 1.3167, 1.3333, 1.35, 1.3667, 1.3833, 1.4, 1.4167, 1.4333, 1.45, 1.4667, 1.4833, 1.5, 1.5167, 1.5333, 1.55, 1.5667, 1.5833, 1.6, 1.6167, 1.6333, 1.65, 1.6667],
            "transform": [
                [0.464799, 0.265498, 0.844673, -0.023945, 0.86161, 0.084102, -0.500554, 0.00698, -0.203935, 0.960436, -0.189665, 0.503173, 0.0, 0.0, 0.0, 1.0],
                [0.464799, 0.265498, 0.844673, -0.026456, 0.86161, 0.084102, -0.500554, 0.007219, -0.203935, 0.960436, -0.189665, 0.500559, 0.0, 0.0, 0.0, 1.0],
                [0.464799, 0.265498, 0.844673, -0.032931, 0.86161, 0.084102, -0.500554, 0.008895, -0.203935, 0.960436, -0.189665, 0.493815, 0.0, 0.0, 0.0, 1.0],
                [0.464799, 0.265498, 0.844673, -0.041784, 0.86161, 0.084102, -0.500554, 0.013445, -0.203935, 0.960436, -0.189665, 0.484594, 0.0, 0.0, 0.0, 1.0],
                [0.464799, 0.265498, 0.844673, -0.05143, 0.86161, 0.084102, -0.500554, 0.022304, -0.203935, 0.960436, -0.189665, 0.474548, 0.0, 0.0, 0.0, 1.0],
                [0.464799, 0.265498, 0.844673, -0.060283, 0.86161, 0.084102, -0.500554, 0.03691, -0.203935, 0.960436, -0.189665, 0.465327, 0.0, 0.0, 0.0, 1.0],
                [0.464799, 0.265498, 0.844673, -0.066758, 0.86161, 0.084102, -0.500554, 0.058699, -0.203935, 0.960436, -0.189665, 0.458584, 0.0, 0.0, 0.0, 1.0],
                [0.464799, 0.265498, 0.844673, -0.069268, 0.86161, 0.084102, -0.500554, 0.089108, -0.203935, 0.960436, -0.189665, 0.455969, 0.0, 0.0, 0.0, 1.0],
                [0.388848, 0.317546, 0.864848, -0.069268, 0.894288, 0.095557, -0.43717, 0.183839, -0.221464, 0.943416, -0.24682, 0.465295, 0.0, 0.0, 0.0, 1.0],
                [0.191258, 0.435292, 0.879739, -0.069268, 0.951031, 0.139545, -0.275803, 0.358836, -0.242818, 0.889409, -0.387287, 0.487533, 0.0, 0.0, 0.0, 1.0],
                [-0.057732, 0.552273, 0.831662, -0.069268, 0.972272, 0.220202, -0.078734, 0.555893, -0.226617, 0.804056, -0.549672, 0.514075, 0.0, 0.0, 0.0, 1.0],
                [-0.257648, 0.621283, 0.740017, -0.069268, 0.949439, 0.30498, 0.074514, 0.716811, -0.179396, 0.721799, -0.668448, 0.536313, 0.0, 0.0, 0.0, 1.0],
                [-0.335127, 0.64132, 0.690216, -0.069268, 0.92985, 0.343227, 0.132567, 0.783384, -0.151883, 0.686224, -0.711357, 0.545639, 0.0, 0.0, 0.0, 1.0],
                [-0.335128, 0.64132, 0.690216, -0.069268, 0.92985, 0.343227, 0.132567, 0.783384, -0.151883, 0.686224, -0.711357, 0.545639, 0.0, 0.0, 0.0, 1.0],
                [-0.335127, 0.64132, 0.690216, -0.069268, 0.92985, 0.343227, 0.132567, 0.783384, -0.151883, 0.686224, -0.711356, 0.545639, 0.0, 0.0, 0.0, 1.0],
                [-0.335127, 0.64132, 0.690216, -0.069268, 0.92985, 0.343227, 0.132566, 0.783384, -0.151883, 0.686224, -0.711356, 0.545639, 0.0, 0.0, 0.0, 1.0],
                [-0.335127, 0.64132, 0.690216, -0.069268, 0.92985, 0.343227, 0.132567, 0.783384, -0.151883, 0.686224, -0.711356, 0.545639, 0.0, 0.0, 0.0, 1.0],
                [-0.335127, 0.64132, 0.690216, -0.069268, 0.92985, 0.343227, 0.132567, 0.783384, -0.151883, 0.686224, -0.711356, 0.545639, 0.0, 0.0, 0.0, 1.0],
                [-0.335127, 0.64132, 0.690216, -0.069268, 0.92985, 0.343227, 0.132567, 0.783384, -0.151883, 0.686224, -0.711356, 0.545639, 0.0, 0.0, 0.0, 1.0],
                [-0.335127, 0.64132, 0.690216, -0.06911, 0.92985, 0.343227, 0.132567, 0.781559, -0.151883, 0.686224, -0.711356, 0.54552, 0.0, 0.0, 0.0, 1.0],
                [-0.335128, 0.64132, 0.690216, -0.068703, 0.92985, 0.343227, 0.132567, 0.777209, -0.151883, 0.686224, -0.711357, 0.545135, 0.0, 0.0, 0.0, 1.0],
                [-0.335127, 0.64132, 0.690216, -0.068145, 0.92985, 0.343227, 0.132567, 0.772016, -0.151883, 0.686224, -0.711356, 0.54444, 0.0, 0.0, 0.0, 1.0],
                [-0.335128, 0.64132, 0.690216, -0.067536, 0.92985, 0.343227, 0.132567, 0.767665, -0.151883, 0.686224, -0.711356, 0.543392, 0.0, 0.0, 0.0, 1.0],
                [-0.335128, 0.64132, 0.690216, -0.066974, 0.92985, 0.343227, 0.132567, 0.765841, -0.151883, 0.686224, -0.711357, 0.541947, 0.0, 0.0, 0.0, 1.0],
                [-0.335128, 0.64132, 0.690216, -0.066538, 0.930667, 0.339467, 0.136457, 0.765847, -0.146793, 0.688092, -0.71062, 0.540121, 0.0, 0.0, 0.0, 1.0],
                [-0.335127, 0.64132, 0.690216, -0.066231, 0.932646, 0.329726, 0.146468, 0.765862, -0.133649, 0.692812, -0.708625, 0.538164, 0.0, 0.0, 0.0, 1.0],
                [-0.335127, 0.64132, 0.690216, -0.066034, 0.935049, 0.316308, 0.160103, 0.765879, -0.115644, 0.699041, -0.705669, 0.536385, 0.0, 0.0, 0.0, 1.0],
                [-0.335127, 0.64132, 0.690216, -0.065929, 0.93727, 0.301564, 0.174881, 0.765893, -0.095989, 0.705526, -0.702153, 0.535091, 0.0, 0.0, 0.0, 1.0],
                [-0.335128, 0.64132, 0.690216, -0.065898, 0.938945, 0.287925, 0.188367, 0.765899, -0.077927, 0.711201, -0.698656, 0.534591, 0.0, 0.0, 0.0, 1.0],
                [-0.335169, 0.641368, 0.690151, -0.06596, 0.940061, 0.276503, 0.199579, 0.765722, -0.062825, 0.715677, -0.6956, 0.534674, 0.0, 0.0, 0.0, 1.0],
                [-0.335281, 0.641501, 0.689974, -0.066142, 0.940802, 0.26668, 0.209222, 0.765222, -0.049786, 0.719276, -0.692938, 0.534927, 0.0, 0.0, 0.0, 1.0],
                [-0.335444, 0.6417, 0.689709, -0.066435, 0.941268, 0.258339, 0.217434, 0.764445, -0.038652, 0.722137, -0.69067, 0.535356, 0.0, 0.0, 0.0, 1.0],
                [-0.335642, 0.641947, 0.689384, -0.066832, 0.941536, 0.251355, 0.224348, 0.763437, -0.029261, 0.724379, -0.688781, 0.535967, 0.0, 0.0, 0.0, 1.0],
                [-0.335857, 0.642221, 0.689023, -0.067324, 0.941669, 0.245594, 0.230095, 0.762245, -0.021448, 0.72611, -0.687244, 0.536766, 0.0, 0.0, 0.0, 1.0],
                [-0.336077, 0.642502, 0.688653, -0.067903, 0.941715, 0.240916, 0.234805, 0.760913, -0.015045, 0.727427, -0.68602, 0.537759, 0.0, 0.0, 0.0, 1.0],
                [-0.336284, 0.642772, 0.688301, -0.068562, 0.941709, 0.237179, 0.238602, 0.75949, -0.009884, 0.728417, -0.685063, 0.538952, 0.0, 0.0, 0.0, 1.0],
                [-0.336465, 0.643008, 0.687991, -0.069291, 0.941678, 0.234236, 0.24161, 0.75802, -0.005795, 0.72916, -0.684319, 0.540351, 0.0, 0.0, 0.0, 1.0],
                [-0.336603, 0.643192, 0.687752, -0.070083, 0.941643, 0.23194, 0.243951, 0.756551, -0.00261, 0.729731, -0.683729, 0.541962, 0.0, 0.0, 0.0, 1.0],
                [-0.336685, 0.643303, 0.687608, -0.070931, 0.941617, 0.230143, 0.245746, 0.755127, -0.000159, 0.730202, -0.683231, 0.543791, 0.0, 0.0, 0.0, 1.0],
                [-0.336695, 0.643322, 0.687586, -0.071825, 0.941612, 0.228693, 0.247115, 0.753797, 0.001728, 0.730641, -0.682759, 0.545844, 0.0, 0.0, 0.0, 1.0],
                [-0.336617, 0.643227, 0.687712, -0.072758, 0.941636, 0.227442, 0.248177, 0.752604, 0.00322, 0.731115, -0.682247, 0.548127, 0.0, 0.0, 0.0, 1.0],
                [-0.336437, 0.643001, 0.688012, -0.073721, 0.941695, 0.226239, 0.249051, 0.751596, 0.004485, 0.731687, -0.681626, 0.550646, 0.0, 0.0, 0.0, 1.0],
                [-0.336139, 0.642621, 0.688512, -0.074708, 0.941795, 0.224932, 0.249855, 0.750819, 0.005693, 0.732423, -0.680826, 0.553406, 0.0, 0.0, 0.0, 1.0],
                [-0.335707, 0.642068, 0.689238, -0.075709, 0.94194, 0.223372, 0.250706, 0.750319, 0.007014, 0.733385, -0.679778, 0.556415, 0.0, 0.0, 0.0, 1.0],
                [-0.335128, 0.64132, 0.690216, -0.076716, 0.942134, 0.221406, 0.251723, 0.750142, 0.008617, 0.734635, -0.678408, 0.559677, 0.0, 0.0, 0.0, 1.0],
                [-0.333826, 0.64033, 0.691765, -0.077722, 0.942577, 0.218643, 0.252475, 0.750583, 0.010418, 0.736324, -0.676549, 0.563197, 0.0, 0.0, 0.0, 1.0],
                [-0.331214, 0.639096, 0.694157, -0.078725, 0.943476, 0.214778, 0.252434, 0.751899, 0.01224, 0.73853, -0.674109, 0.566968, 0.0, 0.0, 0.0, 1.0],
                [-0.327248, 0.637663, 0.697348, -0.079719, 0.944833, 0.209785, 0.251557, 0.754085, 0.014115, 0.741199, -0.671137, 0.570982, 0.0, 0.0, 0.0, 1.0],
                [-0.321889, 0.63607, 0.701286, -0.080704, 0.946641, 0.20364, 0.249805, 0.757134, 0.016084, 0.744275, -0.66768, 0.575232, 0.0, 0.0, 0.0, 1.0],
                [-0.315091, 0.634349, 0.705917, -0.081676, 0.948887, 0.196316, 0.24713, 0.761039, 0.018184, 0.747704, -0.663783, 0.579708, 0.0, 0.0, 0.0, 1.0],
                [-0.30681, 0.632526, 0.711181, -0.082632, 0.951551, 0.187789, 0.243488, 0.765793, 0.02046, 0.751429, -0.659496, 0.584402, 0.0, 0.0, 0.0, 1.0],
                [-0.296998, 0.63062, 0.717014, -0.083569, 0.954602, 0.178035, 0.238827, 0.77139, 0.022956, 0.755395, -0.654868, 0.589306, 0.0, 0.0, 0.0, 1.0],
                [-0.285606, 0.628645, 0.72335, -0.084484, 0.958002, 0.167027, 0.233097, 0.777822, 0.025716, 0.759544, -0.649947, 0.594412, 0.0, 0.0, 0.0, 1.0],
                [-0.27258, 0.626606, 0.730114, -0.085375, 0.961702, 0.154737, 0.226241, 0.785084, 0.028789, 0.763821, -0.644786, 0.599711, 0.0, 0.0, 0.0, 1.0],
                [-0.257865, 0.6245, 0.737228, -0.086239, 0.965644, 0.141135, 0.218204, 0.793168, 0.03222, 0.768167, -0.639438, 0.605195, 0.0, 0.0, 0.0, 1.0],
                [-0.241403, 0.622318, 0.744611, -0.087072, 0.969755, 0.126191, 0.208929, 0.802067, 0.036057, 0.772526, -0.633959, 0.610856, 0.0, 0.0, 0.0, 1.0],
                [-0.22313, 0.620041, 0.752172, -0.087873, 0.973953, 0.109868, 0.198353, 0.811775, 0.040347, 0.776839, -0.628405, 0.616685, 0.0, 0.0, 0.0, 1.0],
                [-0.202983, 0.617639, 0.759816, -0.088637, 0.978141, 0.092132, 0.186416, 0.822286, 0.045135, 0.781047, -0.62284, 0.622675, 0.0, 0.0, 0.0, 1.0],
                [-0.180894, 0.615075, 0.767438, -0.089363, 0.982207, 0.072943, 0.173057, 0.833591, 0.050463, 0.785088, -0.617326, 0.628816, 0.0, 0.0, 0.0, 1.0],
                [-0.156796, 0.612297, 0.774924, -0.090047, 0.986021, 0.052261, 0.158214, 0.845685, 0.056375, 0.788899, -0.611932, 0.6351, 0.0, 0.0, 0.0, 1.0],
                [-0.130616, 0.609243, 0.782153, -0.090687, 0.989436, 0.030045, 0.141828, 0.858562, 0.062908, 0.792414, -0.606731, 0.64152, 0.0, 0.0, 0.0, 1.0],
                [-0.102285, 0.605836, 0.788987, -0.091279, 0.992282, 0.006252, 0.12384, 0.872213, 0.070094, 0.795565, -0.6018, 0.648066, 0.0, 0.0, 0.0, 1.0],
                [-0.071737, 0.601985, 0.795279, -0.091821, 0.994372, -0.01916, 0.104199, 0.886632, 0.077963, 0.798278, -0.597222, 0.654731, 0.0, 0.0, 0.0, 1.0],
                [-0.038907, 0.59758, 0.800865, -0.092311, 0.995489, -0.046228, 0.082856, 0.901814, 0.086536, 0.800476, -0.593085, 0.661506, 0.0, 0.0, 0.0, 1.0],
                [-0.003739, 0.592494, 0.805566, -0.092744, 0.995391, -0.074989, 0.059774, 0.91775, 0.095824, 0.802077, -0.589483, 0.668383, 0.0, 0.0, 0.0, 1.0],
                [0.033813, 0.586582, 0.809183, -0.093118, 0.993809, -0.105469, 0.034927, 0.934435, 0.105831, 0.802993, -0.586517, 0.675354, 0.0, 0.0, 0.0, 1.0],
                [0.073779, 0.579675, 0.811501, -0.093431, 0.990441, -0.137685, 0.008305, 0.951861, 0.116546, 0.803131, -0.584292, 0.68241, 0.0, 0.0, 0.0, 1.0],
                [0.116168, 0.571582, 0.81228, -0.093679, 0.984955, -0.171641, -0.020083, 0.970021, 0.127941, 0.802392, -0.582922, 0.689543, 0.0, 0.0, 0.0, 1.0],
                [0.160962, 0.56209, 0.811262, -0.09386, 0.976985, -0.207319, -0.0502, 0.98891, 0.139973, 0.800671, -0.582523, 0.696744, 0.0, 0.0, 0.0, 1.0],
                [0.208108, 0.550958, 0.808169, -0.09397, 0.966132, -0.244679, -0.081979, 1.00852, 0.152575, 0.797858, -0.583218, 0.704006, 0.0, 0.0, 0.0, 1.0],
                [0.257508, 0.537925, 0.802699, -0.094008, 0.951971, -0.283646, -0.115311, 1.028844, 0.165654, 0.79384, -0.58513, 0.711319, 0.0, 0.0, 0.0, 1.0],
                [0.310552, 0.522703, 0.793939, -0.093312, 0.933623, -0.324679, -0.151433, 1.04983, 0.178621, 0.788267, -0.588838, 0.718666, 0.0, 0.0, 0.0, 1.0],
                [0.367949, 0.504767, 0.780912, -0.091311, 0.910068, -0.367788, -0.191072, 1.071247, 0.190763, 0.780988, -0.594699, 0.725986, 0.0, 0.0, 0.0, 1.0],
                [0.428431, 0.483576, 0.763284, -0.088134, 0.880758, -0.412134, -0.233263, 1.092814, 0.201775, 0.772205, -0.602484, 0.733207, 0.0, 0.0, 0.0, 1.0],
                [0.490619, 0.458741, 0.740844, -0.083911, 0.845352, -0.4568, -0.276972, 1.114255, 0.211359, 0.762162, -0.611912, 0.740259, 0.0, 0.0, 0.0, 1.0],
                [0.553048, 0.430068, 0.713568, -0.078771, 0.803781, -0.500813, -0.321126, 1.135291, 0.219258, 0.75115, -0.622654, 0.74707, 0.0, 0.0, 0.0, 1.0],
                [0.614231, 0.397586, 0.681649, -0.072844, 0.756286, -0.543191, -0.364659, 1.155643, 0.225282, 0.739506, -0.634333, 0.75357, 0.0, 0.0, 0.0, 1.0],
                [0.672744, 0.361558, 0.645516, -0.066259, 0.703436, -0.58299, -0.406571, 1.175035, 0.229331, 0.727598, -0.646536, 0.759687, 0.0, 0.0, 0.0, 1.0],
                [0.727305, 0.322477, 0.605835, -0.059146, 0.646123, -0.619368, -0.445991, 1.193187, 0.231414, 0.715815, -0.658829, 0.76535, 0.0, 0.0, 0.0, 1.0],
                [0.776857, 0.281041, 0.563479, -0.051634, 0.585515, -0.651634, -0.48223, 1.209822, 0.231656, 0.704549, -0.67078, 0.770489, 0.0, 0.0, 0.0, 1.0],
                [0.820638, 0.238102, 0.519482, -0.043853, 0.522989, -0.679288, -0.51483, 1.224659, 0.230295, 0.694172, -0.681974, 0.775032, 0.0, 0.0, 0.0, 1.0],
                [0.858206, 0.194613, 0.474981, -0.035933, 0.460052, -0.702047, -0.543582, 1.237423, 0.227671, 0.685022, -0.692034, 0.778909, 0.0, 0.0, 0.0, 1.0],
                [0.889456, 0.151562, 0.431157, -0.028002, 0.39825, -0.719842, -0.568528, 1.247836, 0.224198, 0.677389, -0.700628, 0.782047, 0.0, 0.0, 0.0, 1.0],
                [0.914582, 0.109917, 0.389176, -0.02019, 0.3391, -0.732796, -0.589933, 1.255617, 0.220343, 0.671512, -0.707475, 0.784377, 0.0, 0.0, 0.0, 1.0],
                [0.934031, 0.070579, 0.350149, -0.012627, 0.284028, -0.741185, -0.608253, 1.26049, 0.216595, 0.66758, -0.712337, 0.785827, 0.0, 0.0, 0.0, 1.0],
                [0.948432, 0.034354, 0.315114, -0.005442, 0.234347, -0.745394, -0.624074, 1.262176, 0.213445, 0.665738, -0.715007, 0.786326, 0.0, 0.0, 0.0, 1.0],
                [0.958661, 0.001862, 0.284545, 0.001197, 0.190519, -0.746958, -0.63699, 1.262176, 0.211357, 0.664869, -0.716434, 0.786312, 0.0, 0.0, 0.0, 1.0],
                [0.965904, -0.027672, 0.257417, 0.006976, 0.151, -0.747437, -0.646945, 1.262176, 0.210305, 0.663756, -0.717774, 0.786263, 0.0, 0.0, 0.0, 1.0],
                [0.971041, -0.055636, 0.232343, 0.011541, 0.113894, -0.747086, -0.654897, 1.262176, 0.210016, 0.662395, -0.719115, 0.786169, 0.0, 0.0, 0.0, 1.0],
                [0.974601, -0.083427, 0.207829, 0.014539, 0.077222, -0.745911, -0.661554, 1.262176, 0.210214, 0.6608, -0.720523, 0.786019, 0.0, 0.0, 0.0, 1.0],
                [0.976793, -0.112427, 0.182307, 0.015617, 0.038963, -0.74369, -0.667389, 1.262176, 0.210613, 0.659004, -0.72205, 0.785804, 0.0, 0.0, 0.0, 1.0],
                [0.977495, -0.143602, 0.154538, 0.014909, -0.002187, -0.739411, -0.67325, 1.262176, 0.210947, 0.657761, -0.723085, 0.785519, 0.0, 0.0, 0.0, 1.0],
                [0.976405, -0.17601, 0.125116, 0.013015, -0.045001, -0.732499, -0.67928, 1.262176, 0.211207, 0.657622, -0.723136, 0.785181, 0.0, 0.0, 0.0, 1.0],
                [0.973443, -0.208172, 0.095255, 0.010271, -0.087679, -0.723379, -0.684861, 1.262176, 0.211474, 0.658322, -0.722421, 0.784814, 0.0, 0.0, 0.0, 1.0],
                [0.96884, -0.23866, 0.06625, 0.007019, -0.128415, -0.712724, -0.689589, 1.262176, 0.211796, 0.659595, -0.721164, 0.784441, 0.0, 0.0, 0.0, 1.0],
                [0.963125, -0.266145, 0.039453, 0.003597, -0.165431, -0.701433, -0.693271, 1.262176, 0.212184, 0.66118, -0.719596, 0.784084, 0.0, 0.0, 0.0, 1.0],
                [0.957069, -0.289405, 0.01624, 0.000344, -0.197016, -0.690584, -0.695901, 1.262176, 0.212612, 0.662826, -0.717954, 0.783766, 0.0, 0.0, 0.0, 1.0],
                [0.951601, -0.307328, -0.002016, -0.002399, -0.221534, -0.681373, -0.697606, 1.262176, 0.21302, 0.664289, -0.716479, 0.783511, 0.0, 0.0, 0.0, 1.0],
                [0.947698, -0.318863, -0.013954, -0.004294, -0.237404, -0.675021, -0.69856, 1.262176, 0.213326, 0.665337, -0.715415, 0.783341, 0.0, 0.0, 0.0, 1.0],
                [0.946238, -0.322956, -0.01823, -0.005001, -0.243052, -0.672675, -0.69888, 1.262176, 0.213445, 0.665738, -0.715006, 0.783279, 0.0, 0.0, 0.0, 1.0]
            ]
        },
        {
            "name": "Thigh_R",
            "time": [0.0167, 0.0333, 0.05, 0.0667, 0.0833, 0.1, 0.1167, 0.1333, 0.15, 0.1667, 0.1833, 0.2, 0.2167, 0.2333, 0.25, 0.2667, 0.2833, 0.3, 0.3167, 0.3333, 0.35, 0.3667, 0.3833, 0.4, 0.4167, 0.4333, 0.45, 0.4667, 0.4833, 0.5, 0.5167, 0.5333, 0.55, 0.5667, 0.5833, 0.6, 0.6167, 0.6333, 0.65, 0.6667, 0.6833, 0.7, 0.7167, 0.7333, 0.75, 0.7667, 0.7833, 0.8, 0.8167, 0.8333, 0.85, 0.8667, 0.8833, 0.9, 0.9167, 0.9333, 0.95, 0.9667, 0.9833, 1.0, 1.0167, 1.0333, 1.05, 1.0667, 1.0833, 1.1, 1.1167, 1.1333, 1.15, 1.1667, 1.1833, 1.2, 1.2167, 1.2333, 1.25, 1.2667, 1.2833, 1.3, 1.3167, 1.3333, 1.35, 1.3667, 1.3833, 1.4, 1.4167, 1.4333, 1.45, 1.4667, 1.4833, 1.5, 1.5167, 1.5333, 1.55, 1.5667, 1.5833, 1.6, 1.6167, 1.6333, 1.65, 1.6667],
            "transform": [
                [-0.226413, -0.279577, 0.933045, 0.042212, 0.545657, -0.829905, -0.116263, 0.085181, 0.806843, 0.4828, 0.340454, 0.155142, 0.0, 0.0, 0.0, 1.0],
                [-0.217252, -0.256502, 0.941811, 0.041201, 0.557839, -0.824398, -0.095845, 0.082769, 0.801011, 0.504557, 0.322187, 0.152999, 0.0, 0.0, 0.0, 1.0],
                [-0.193931, -0.20685, 0.95896, 0.038597, 0.589967, -0.805589, -0.054458, 0.076551, 0.783791, 0.555194, 0.278263, 0.147472, 0.0, 0.0, 0.0, 1.0],
                [-0.16297, -0.157736, 0.973941, 0.035036, 0.634665, -0.772556, -0.018922, 0.068049, 0.755408, 0.615043, 0.226012, 0.139912, 0.0, 0.0, 0.0, 1.0],
                [-0.131431, -0.129528, 0.982827, 0.031157, 0.683397, -0.730032, -0.004823, 0.058785, 0.718119, 0.671027, 0.184467, 0.131678, 0.0, 0.0, 0.0, 1.0],
                [-0.106249, -0.137464, 0.984792, 0.027595, 0.727708, -0.685672, -0.017198, 0.050282, 0.677607, 0.714814, 0.172885, 0.12412, 0.0, 0.0, 0.0, 1.0],
                [-0.09326, -0.196, 0.976159, 0.024991, 0.761072, -0.646157, -0.057029, 0.044064, 0.641929, 0.737609, 0.20943, 0.118592, 0.0, 0.0, 0.0, 1.0],
                [-0.097473, -0.365027, 0.925881, 0.023981, 0.779599, -0.606292, -0.156957, 0.041653, 0.618648, 0.706517, 0.343671, 0.116449, 0.0, 0.0, 0.0, 1.0],
                [-0.204495, -0.121586, 0.971287, 0.023981, 0.800216, -0.592246, 0.09434, 0.041653, 0.563771, 0.796532, 0.218406, 0.116449, 0.0, 0.0, 0.0, 1.0],
                [-0.436753, 0.12252, 0.891199, 0.023982, 0.79758, -0.405464, 0.446615, 0.041653, 0.416068, 0.905864, 0.079369, 0.116449, 0.0, 0.0, 0.0, 1.0],
                [-0.711337, 0.238854, 0.661021, 0.02398, 0.675737, -0.026292, 0.736674, 0.041653, 0.193337, 0.9707, -0.142699, 0.116449, 0.0, 0.0, 0.0, 1.0],
                [-0.897196, 0.324772, 0.299272, 0.023982, 0.416708, 0.398104, 0.817233, 0.041652, 0.146274, 0.857927, -0.492511, 0.116449, 0.0, 0.0, 0.0, 1.0],
                [0.14116, 0.961557, 0.235551, 0.023982, 0.932935, -0.20881, 0.293311, 0.041653, 0.33122, 0.17835, -0.926544, 0.116449, 0.0, 0.0, 0.0, 1.0],
                [0.139757, 0.969935, 0.199239, 0.023982, 0.972626, -0.172197, 0.156039, 0.041653, 0.185656, 0.171977, -0.967448, 0.116449, 0.0, 0.0, 0.0, 1.0],
                [0.125127, 0.953113, 0.275539, 0.023982, 0.984213, -0.154283, 0.086731, 0.041653, 0.125176, 0.260337, -0.95737, 0.116449, 0.0, 0.0, 0.0, 1.0],
                [0.12346, 0.938672, 0.321954, 0.040023, 0.989893, -0.139311, 0.026569, 0.040878, 0.069791, 0.31542, -0.946383, 0.112103, 0.0, 0.0, 0.0, 1.0],
                [0.125469, 0.919045, 0.37365, 0.075313, 0.991467, -0.129583, -0.0142, 0.039174, 0.035369, 0.372244, -0.927461, 0.102545, 0.0, 0.0, 0.0, 1.0],
                [0.12935, 0.901746, 0.41246, 0.110605, 0.991454, -0.124721, -0.038253, 0.037469, 0.016948, 0.413883, -0.910173, 0.092986, 0.0, 0.0, 0.0, 1.0],
                [0.131569, 0.894177, 0.427947, 0.126646, 0.991243, -0.123612, -0.046467, 0.036695, 0.01135, 0.430312, -0.902609, 0.088641, 0.0, 0.0, 0.0, 1.0],
                [0.129979, 0.894652, 0.427441, 0.126646, 0.991454, -0.12215, -0.045823, 0.036695, 0.011216, 0.429744, -0.902882, 0.088641, 0.0, 0.0, 0.0, 1.0],
                [0.126141, 0.895956, 0.425856, 0.126647, 0.991951, -0.118726, -0.044034, 0.036694, 0.011108, 0.427983, -0.903719, 0.088641, 0.0, 0.0, 0.0, 1.0],
                [0.121437, 0.897934, 0.423048, 0.126646, 0.992534, -0.114766, -0.041313, 0.036695, 0.011455, 0.424906, -0.905166, 0.088641, 0.0, 0.0, 0.0, 1.0],
                [0.11717, 0.900484, 0.418809, 0.126645, 0.993031, -0.111613, -0.037842, 0.036695, 0.012669, 0.420325, -0.907286, 0.088641, 0.0, 0.0, 0.0, 1.0],
                [0.114579, 0.903499, 0.412994, 0.126646, 0.993299, -0.110545, -0.033739, 0.036695, 0.015171, 0.414092, -0.910109, 0.088641, 0.0, 0.0, 0.0, 1.0],
                [0.117865, 0.904172, 0.410586, 0.126646, 0.9928, -0.116189, -0.029132, 0.036695, 0.021366, 0.411063, -0.911356, 0.088641, 0.0, 0.0, 0.0, 1.0],
                [0.128487, 0.900615, 0.415194, 0.126646, 0.991183, -0.130288, -0.024121, 0.036695, 0.032371, 0.414632, -0.909413, 0.088641, 0.0, 0.0, 0.0, 1.0],
                [0.143529, 0.893881, 0.424708, 0.126647, 0.988543, -0.149755, -0.018886, 0.036694, 0.04672, 0.422553, -0.905134, 0.088641, 0.0, 0.0, 0.0, 1.0],
                [0.16015, 0.885135, 0.436908, 0.126645, 0.985089, -0.171505, -0.013634, 0.036695, 0.062864, 0.432577, -0.899402, 0.088641, 0.0, 0.0, 0.0, 1.0],
                [0.175685, 0.875834, 0.4495, 0.126645, 0.981263, -0.192489, -0.008464, 0.036695, 0.079111, 0.442565, -0.89324, 0.088641, 0.0, 0.0, 0.0, 1.0],
                [0.188504, 0.867147, 0.461003, 0.126647, 0.977541, -0.210722, -0.003348, 0.036695, 0.094241, 0.45128, -0.887392, 0.088641, 0.0, 0.0, 0.0, 1.0],
                [0.198849, 0.859129, 0.471546, 0.126647, 0.974036, -0.226386, 0.001717, 0.036695, 0.108226, 0.458961, -0.88184, 0.088641, 0.0, 0.0, 0.0, 1.0],
                [0.207024, 0.851801, 0.481225, 0.126646, 0.970816, -0.239735, 0.006701, 0.036695, 0.121074, 0.465793, -0.876572, 0.088641, 0.0, 0.0, 0.0, 1.0],
                [0.213327, 0.845137, 0.490139, 0.126647, 0.967912, -0.251023, 0.011563, 0.036695, 0.132809, 0.471945, -0.871568, 0.088641, 0.0, 0.0, 0.0, 1.0],
                [0.218042, 0.839091, 0.498382, 0.126645, 0.965335, -0.260506, 0.016261, 0.036695, 0.143475, 0.47756, -0.866805, 0.088641, 0.0, 0.0, 0.0, 1.0],
                [0.221446, 0.833595, 0.506046, 0.126646, 0.963075, -0.268434, 0.020742, 0.036695, 0.15313, 0.482767, -0.862257, 0.088641, 0.0, 0.0, 0.0, 1.0],
                [0.223799, 0.828561, 0.513226, 0.126646, 0.961105, -0.275055, 0.024951, 0.036695, 0.16184, 0.48768, -0.85789, 0.088641, 0.0, 0.0, 0.0, 1.0],
                [0.225356, 0.823894, 0.520014, 0.126646, 0.959387, -0.280617, 0.028835, 0.036695, 0.169681, 0.492397, -0.853671, 0.088641, 0.0, 0.0, 0.0, 1.0],
                [0.22636, 0.819483, 0.526508, 0.126645, 0.957876, -0.285358, 0.032328, 0.036694, 0.176735, 0.497011, -0.849555, 0.088641, 0.0, 0.0, 0.0, 1.0],
                [0.227046, 0.81521, 0.532807, 0.126646, 0.956519, -0.289519, 0.035369, 0.036694, 0.183091, 0.501609, -0.845497, 0.088641, 0.0, 0.0, 0.0, 1.0],
                [0.227642, 0.810954, 0.539012, 0.126645, 0.955259, -0.293335, 0.037892, 0.036694, 0.18884, 0.50627, -0.841446, 0.088641, 0.0, 0.0, 0.0, 1.0],
                [0.228372, 0.806578, 0.545232, 0.126646, 0.954034, -0.297042, 0.039823, 0.036695, 0.194077, 0.511076, -0.837338, 0.088641, 0.0, 0.0, 0.0, 1.0],
                [0.22945, 0.801947, 0.551574, 0.126646, 0.952783, -0.300862, 0.04108, 0.036695, 0.198892, 0.516105, -0.833114, 0.088641, 0.0, 0.0, 0.0, 1.0],
                [0.231096, 0.796905, 0.558157, 0.126646, 0.951436, -0.305027, 0.041574, 0.036694, 0.203384, 0.521443, -0.828693, 0.088641, 0.0, 0.0, 0.0, 1.0],
                [0.233519, 0.791284, 0.565101, 0.126647, 0.949922, -0.309758, 0.041199, 0.036695, 0.207645, 0.527182, -0.823992, 0.088641, 0.0, 0.0, 0.0, 1.0],
                [0.236932, 0.784903, 0.572531, 0.126645, 0.948165, -0.315271, 0.039833, 0.036695, 0.211767, 0.533416, -0.818915, 0.088641, 0.0, 0.0, 0.0, 1.0],
                [0.240653, 0.778004, 0.580342, 0.126645, 0.946042, -0.321694, 0.038963, 0.036695, 0.217006, 0.539651, -0.813441, 0.088641, 0.0, 0.0, 0.0, 1.0],
                [0.243956, 0.770949, 0.588324, 0.126645, 0.943455, -0.329079, 0.040016, 0.036695, 0.224456, 0.545294, -0.807635, 0.088641, 0.0, 0.0, 0.0, 1.0],
                [0.246987, 0.763705, 0.59645, 0.126647, 0.940352, -0.337507, 0.042755, 0.036695, 0.233958, 0.550313, -0.801511, 0.088641, 0.0, 0.0, 0.0, 1.0],
                [0.249883, 0.756226, 0.604717, 0.126646, 0.936676, -0.347039, 0.046933, 0.036694, 0.245353, 0.554696, -0.795056, 0.088641, 0.0, 0.0, 0.0, 1.0],
                [0.25278, 0.748446, 0.613134, 0.126647, 0.932358, -0.357735, 0.052295, 0.036695, 0.25848, 0.558441, -0.788246, 0.088641, 0.0, 0.0, 0.0, 1.0],
                [0.255804, 0.740288, 0.621723, 0.126646, 0.927332, -0.369629, 0.058575, 0.036695, 0.273169, 0.561559, -0.781044, 0.088641, 0.0, 0.0, 0.0, 1.0],
                [0.259084, 0.731658, 0.630518, 0.126647, 0.921525, -0.382757, 0.065493, 0.036695, 0.289253, 0.56407, -0.773407, 0.088641, 0.0, 0.0, 0.0, 1.0],
                [0.262744, 0.72245, 0.639556, 0.126646, 0.914873, -0.397133, 0.072755, 0.036695, 0.306551, 0.565997, -0.765295, 0.088641, 0.0, 0.0, 0.0, 1.0],
                [0.266915, 0.712538, 0.648881, 0.126646, 0.90731, -0.412773, 0.08005, 0.036695, 0.324879, 0.56737, -0.756667, 0.088641, 0.0, 0.0, 0.0, 1.0],
                [0.271724, 0.701782, 0.658536, 0.126646, 0.898777, -0.429679, 0.087044, 0.036695, 0.344046, 0.568225, -0.747498, 0.088641, 0.0, 0.0, 0.0, 1.0],
                [0.277302, 0.69003, 0.668553, 0.126646, 0.889224, -0.447838, 0.093393, 0.036695, 0.363847, 0.568596, -0.737777, 0.088641, 0.0, 0.0, 0.0, 1.0],
                [0.28379, 0.67711, 0.678959, 0.126646, 0.878606, -0.467234, 0.098724, 0.036695, 0.384079, 0.56852, -0.727508, 0.088641, 0.0, 0.0, 0.0, 1.0],
                [0.291323, 0.662843, 0.689762, 0.126645, 0.866886, -0.487823, 0.102653, 0.036695, 0.404524, 0.568039, -0.716723, 0.088641, 0.0, 0.0, 0.0, 1.0],
                [0.300047, 0.647031, 0.700945, 0.126646, 0.854039, -0.50955, 0.104776, 0.036695, 0.42496, 0.567196, -0.705477, 0.088641, 0.0, 0.0, 0.0, 1.0],
                [0.310105, 0.629467, 0.712466, 0.126646, 0.840042, -0.532327, 0.10468, 0.036695, 0.445158, 0.56604, -0.693855, 0.088641, 0.0, 0.0, 0.0, 1.0],
                [0.32164, 0.609941, 0.724238, 0.126646, 0.824883, -0.556035, 0.101946, 0.036695, 0.464882, 0.564622, -0.681973, 0.088641, 0.0, 0.0, 0.0, 1.0],
                [0.334801, 0.588231, 0.736134, 0.126646, 0.80855, -0.580521, 0.096147, 0.036695, 0.483897, 0.563011, -0.669973, 0.088641, 0.0, 0.0, 0.0, 1.0],
                [0.349726, 0.564117, 0.747972, 0.126646, 0.791029, -0.605579, 0.086867, 0.036695, 0.50196, 0.561288, -0.65802, 0.088641, 0.0, 0.0, 0.0, 1.0],
                [0.366556, 0.537382, 0.759511, 0.126647, 0.772306, -0.630962, 0.073697, 0.036695, 0.518826, 0.559561, -0.646306, 0.088641, 0.0, 0.0, 0.0, 1.0],
                [0.385412, 0.507827, 0.770435, 0.126646, 0.752358, -0.65635, 0.056259, 0.036695, 0.534244, 0.557959, -0.635032, 0.088641, 0.0, 0.0, 0.0, 1.0],
                [0.406413, 0.475265, 0.780354, 0.126646, 0.731143, -0.681367, 0.034195, 0.036695, 0.547959, 0.556653, -0.624403, 0.088641, 0.0, 0.0, 0.0, 1.0],
                [0.429652, 0.439551, 0.788793, 0.126647, 0.708609, -0.705565, 0.007196, 0.036695, 0.559708, 0.555854, -0.614617, 0.088641, 0.0, 0.0, 0.0, 1.0],
                [0.455203, 0.400583, 0.795189, 0.126646, 0.684676, -0.72842, -0.024992, 0.036695, 0.569219, 0.555823, -0.605847, 0.088641, 0.0, 0.0, 0.0, 1.0],
                [0.483106, 0.358317, 0.798885, 0.126646, 0.659236, -0.749331, -0.062566, 0.036695, 0.57621, 0.55688, -0.598221, 0.088641, 0.0, 0.0, 0.0, 1.0],
                [0.513368, 0.312791, 0.799134, 0.126647, 0.632145, -0.767617, -0.10564, 0.036695, 0.580385, 0.559401, -0.591799, 0.088641, 0.0, 0.0, 0.0, 1.0],
                [0.545943, 0.264155, 0.79509, 0.126646, 0.603233, -0.782512, -0.15423, 0.036695, 0.581427, 0.563825, -0.586553, 0.088641, 0.0, 0.0, 0.0, 1.0],
                [0.581928, 0.21446, 0.784453, 0.126348, 0.571737, -0.793869, -0.207096, 0.036532, 0.578339, 0.569016, -0.584589, 0.088555, 0.0, 0.0, 0.0, 1.0],
                [0.62162, 0.166063, 0.765513, 0.12551, 0.537086, -0.801738, -0.26221, 0.036074, 0.570198, 0.574142, -0.587567, 0.088314, 0.0, 0.0, 0.0, 1.0],
                [0.663703, 0.119675, 0.73836, 0.124215, 0.499416, -0.805766, -0.318318, 0.035367, 0.55685, 0.580018, -0.594557, 0.087941, 0.0, 0.0, 0.0, 1.0],
                [0.706841, 0.076097, 0.703267, 0.122545, 0.458952, -0.805868, -0.374086, 0.034456, 0.538274, 0.587186, -0.604545, 0.087462, 0.0, 0.0, 0.0, 1.0],
                [0.749727, 0.036113, 0.660761, 0.120585, 0.416021, -0.802235, -0.42819, 0.033386, 0.514622, 0.595916, -0.616481, 0.086898, 0.0, 0.0, 0.0, 1.0],
                [0.791136, 0.000446, 0.611641, 0.118416, 0.371037, -0.79534, -0.479342, 0.032203, 0.486248, 0.606166, -0.629386, 0.086275, 0.0, 0.0, 0.0, 1.0],
                [0.829983, -0.03036, 0.556961, 0.116123, 0.324474, -0.785908, -0.526371, 0.030951, 0.453701, 0.617599, -0.642439, 0.085615, 0.0, 0.0, 0.0, 1.0],
                [0.865368, -0.055976, 0.498, 0.113789, 0.276869, -0.774906, -0.568212, 0.029677, 0.417709, 0.629594, -0.655081, 0.084944, 0.0, 0.0, 0.0, 1.0],
                [0.896606, -0.076379, 0.436192, 0.111494, 0.228784, -0.763473, -0.60396, 0.028426, 0.37915, 0.641309, -0.66706, 0.084286, 0.0, 0.0, 0.0, 1.0],
                [0.923255, -0.09189, 0.373037, 0.109326, 0.180781, -0.752852, -0.632877, 0.027243, 0.338996, 0.651744, -0.678462, 0.083661, 0.0, 0.0, 0.0, 1.0],
                [0.945112, -0.103145, 0.31004, 0.107366, 0.133411, -0.74436, -0.654317, 0.026172, 0.29827, 0.659766, -0.689742, 0.083097, 0.0, 0.0, 0.0, 1.0],
                [0.962204, -0.111092, 0.248638, 0.105696, 0.087203, -0.739247, -0.667766, 0.025262, 0.257988, 0.664209, -0.701619, 0.082618, 0.0, 0.0, 0.0, 1.0],
                [0.974765, -0.116923, 0.190167, 0.1044, 0.042666, -0.73858, -0.672815, 0.024554, 0.219121, 0.66395, -0.714952, 0.082245, 0.0, 0.0, 0.0, 1.0],
                [0.983193, -0.121955, 0.135862, 0.103562, 0.000286, -0.743139, -0.669139, 0.024096, 0.182569, 0.657932, -0.730614, 0.082004, 0.0, 0.0, 0.0, 1.0],
                [0.98803, -0.127474, 0.086881, 0.103264, -0.039451, -0.753255, -0.656546, 0.023934, 0.149136, 0.64526, -0.749266, 0.081918, 0.0, 0.0, 0.0, 1.0],
                [0.989548, -0.136422, 0.046726, 0.103264, -0.075035, -0.763838, -0.641032, 0.023934, 0.123142, 0.630827, -0.766091, 0.081918, 0.0, 0.0, 0.0, 1.0],
                [0.988752, -0.148344, 0.019058, 0.103264, -0.103471, -0.770478, -0.629014, 0.023933, 0.107994, 0.619967, -0.77716, 0.08192, 0.0, 0.0, 0.0, 1.0],
                [0.987172, -0.159582, 0.005046, 0.103264, -0.121999, -0.774315, -0.62093, 0.023934, 0.102996, 0.612349, -0.78385, 0.081919, 0.0, 0.0, 0.0, 1.0],
                [0.985971, -0.166815, 0.005892, 0.103264, -0.12773, -0.776741, -0.616734, 0.023934, 0.107457, 0.60733, -0.78715, 0.081919, 0.0, 0.0, 0.0, 1.0],
                [0.985687, -0.167001, 0.023039, 0.103264, -0.117635, -0.779242, -0.615584, 0.023934, 0.120756, 0.604064, -0.787734, 0.081918, 0.0, 0.0, 0.0, 1.0],
                [0.985542, -0.157038, 0.063612, 0.103264, -0.084986, -0.782973, -0.616224, 0.023934, 0.146577, 0.601909, -0.784998, 0.081919, 0.0, 0.0, 0.0, 1.0],
                [0.982349, -0.138837, 0.125366, 0.103264, -0.032671, -0.787222, -0.615806, 0.023934, 0.184187, 0.600841, -0.777861, 0.081919, 0.0, 0.0, 0.0, 1.0],
                [0.973823, -0.117256, 0.194733, 0.103264, 0.027001, -0.79095, -0.611286, 0.023935, 0.225701, 0.600542, -0.767078, 0.081919, 0.0, 0.0, 0.0, 1.0],
                [0.96085, -0.096438, 0.259742, 0.103264, 0.083196, -0.793783, -0.602484, 0.023934, 0.264281, 0.600506, -0.754683, 0.081919, 0.0, 0.0, 0.0, 1.0],
                [0.946407, -0.078927, 0.313186, 0.103264, 0.129355, -0.795887, -0.591466, 0.023934, 0.295943, 0.60028, -0.743022, 0.081919, 0.0, 0.0, 0.0, 1.0],
                [0.933378, -0.065664, 0.352839, 0.103264, 0.163433, -0.797506, -0.580754, 0.023935, 0.319525, 0.599728, -0.733642, 0.081919, 0.0, 0.0, 0.0, 1.0],
                [0.923447, -0.056573, 0.379532, 0.103264, 0.186206, -0.79875, -0.572125, 0.023934, 0.335517, 0.598999, -0.727068, 0.081918, 0.0, 0.0, 0.0, 1.0],
                [0.917256, -0.051229, 0.394991, 0.103265, 0.199305, -0.799575, -0.566534, 0.023934, 0.344847, 0.598381, -0.723203, 0.081918, 0.0, 0.0, 0.0, 1.0],
                [0.915088, -0.049395, 0.40022, 0.103264, 0.203724, -0.799879, -0.564529, 0.023934, 0.348012, 0.598127, -0.721895, 0.081919, 0.0, 0.0, 0.0, 1.0]
            ]
        },
        {
            "name": "Leg_R",
            "time": [0.0167, 0.0333, 0.05, 0.0667, 0.0833, 0.1, 0.1167, 0.1333, 0.15, 0.1667, 0.1833, 0.2, 0.2167, 0.2333, 0.25, 0.2667, 0.2833, 0.3, 0.3167, 0.3333, 0.35, 0.3667, 0.3833, 0.4, 0.4167, 0.4333, 0.45, 0.4667, 0.4833, 0.5, 0.5167, 0.5333, 0.55, 0.5667, 0.5833, 0.6, 0.6167, 0.6333, 0.65, 0.6667, 0.6833, 0.7, 0.7167, 0.7333, 0.75, 0.7667, 0.7833, 0.8, 0.8167, 0.8333, 0.85, 0.8667, 0.8833, 0.9, 0.9167, 0.9333, 0.95, 0.9667, 0.9833, 1.0, 1.0167, 1.0333, 1.05, 1.0667, 1.0833, 1.1, 1.1167, 1.1333, 1.15, 1.1667, 1.1833, 1.2, 1.2167, 1.2333, 1.25, 1.2667, 1.2833, 1.3, 1.3167, 1.3333, 1.35, 1.3667, 1.3833, 1.4, 1.4167, 1.4333, 1.45, 1.4667, 1.4833, 1.5, 1.5167, 1.5333, 1.55, 1.5667, 1.5833, 1.6, 1.6167, 1.6333, 1.65, 1.6667],
            "transform": [
                [1.0, -0.0, 1e-06, 0.0, -0.0, 0.859173, 0.511686, 0.374726, -1e-06, -0.511684, 0.859172, -0.0, 0.0, 0.0, 0.0, 1.0],
                [0.999999, -0.0, 1e-06, 0.0, -0.0, 0.841858, 0.539699, 0.374726, -1e-06, -0.539697, 0.841858, -0.0, 0.0, 0.0, 0.0, 1.0],
                [0.999999, -0.0, 1e-06, -0.0, -0.0, 0.807132, 0.590372, 0.374726, -1e-06, -0.59037, 0.807132, 0.0, 0.0, 0.0, 0.0, 1.0],
                [0.999999, -0.0, 1e-06, 0.0, -0.0, 0.782313, 0.622886, 0.374726, -1e-06, -0.622885, 0.782313, -0.0, 0.0, 0.0, 0.0, 1.0],
                [0.999999, -0.0, 1e-06, -0.0, -0.0, 0.787564, 0.616235, 0.374726, -1e-06, -0.616233, 0.787562, 0.0, 0.0, 0.0, 0.0, 1.0],
                [0.999999, -0.0, 1e-06, 0.0, -0.0, 0.829816, 0.558038, 0.374726, -1e-06, -0.558036, 0.829815, -0.0, 0.0, 0.0, 0.0, 1.0],
                [0.999999, 0.0, 1e-06, 0.0, -0.0, 0.90299, 0.42966, 0.374726, -1e-06, -0.429659, 0.90299, 0.0, 0.0, 0.0, 0.0, 1.0],
                [1.0, 0.0, 1e-06, 0.0, -0.0, 0.994607, 0.10371, 0.374726, -1e-06, -0.10371, 0.994607, 0.0, 0.0, 0.0, 0.0, 1.0],
                [0.999999, -0.0, 1e-06, -0.0, -0.0, 0.762128, 0.647427, 0.374726, -1e-06, -0.647426, 0.762127, -0.0, 0.0, 0.0, 0.0, 1.0],
                [0.999999, -1e-06, 0.0, 0.0, -0.0, 0.161912, 0.986805, 0.374726, -1e-06, -0.986805, 0.161911, -0.0, 0.0, 0.0, 0.0, 1.0],
                [1.0, -1e-06, -0.0, -0.0, -0.0, -0.385157, 0.922852, 0.374726, -1e-06, -0.922852, -0.385155, -0.0, 0.0, 0.0, 0.0, 1.0],
                [1.0, -1e-06, -0.0, -0.0, -0.0, -0.633566, 0.773691, 0.374726, -1e-06, -0.773689, -0.633563, 0.0, 0.0, 0.0, 0.0, 1.0],
                [0.999999, -1e-06, -0.0, -0.0, -0.0, -0.52934, 0.84841, 0.374726, -1e-06, -0.848409, -0.529339, 0.0, 0.0, 0.0, 0.0, 1.0],
                [0.999999, -1e-06, 0.0, -0.0, -0.0, -0.182404, 0.983223, 0.374726, -1e-06, -0.983224, -0.182403, -0.0, 0.0, 0.0, 0.0, 1.0],
                [0.999999, -1e-06, 0.0, 0.0, -0.0, 0.117047, 0.993125, 0.374726, -1e-06, -0.993126, 0.117046, -0.0, 0.0, 0.0, 0.0, 1.0],
                [1.0, -1e-06, 0.0, 0.0, -0.0, 0.267769, 0.963483, 0.374726, -1e-06, -0.963483, 0.267769, -0.0, 0.0, 0.0, 0.0, 1.0],
                [1.0, -1e-06, 0.0, 0.0, -0.0, 0.339299, 0.940679, 0.374726, -1e-06, -0.940678, 0.339298, -0.0, 0.0, 0.0, 0.0, 1.0],
                [1.0, -1e-06, 1e-06, 0.0, -0.0, 0.35975, 0.933048, 0.374726, -1e-06, -0.933048, 0.359749, -0.0, 0.0, 0.0, 0.0, 1.0],
                [0.999999, -1e-06, 0.0, 0.0, -0.0, 0.360303, 0.932835, 0.374726, -1e-06, -0.932835, 0.360302, -0.0, 0.0, 0.0, 0.0, 1.0],
                [1.0, -0.0, 1e-06, 0.0, -0.0, 0.362381, 0.93203, 0.374726, -1e-06, -0.93203, 0.36238, 0.0, 0.0, 0.0, 0.0, 1.0],
                [1.0, -1e-06, 1e-06, -0.0, -0.0, 0.366133, 0.930563, 0.374726, -1e-06, -0.930562, 0.366133, 0.0, 0.0, 0.0, 0.0, 1.0],
                [1.0, -1e-06, 0.0, 0.0, -0.0, 0.367797, 0.929906, 0.374726, -1e-06, -0.929906, 0.367797, 0.0, 0.0, 0.0, 0.0, 1.0],
                [1.0, -0.0, 1e-06, -0.0, -0.0, 0.363508, 0.931591, 0.374726, -1e-06, -0.931591, 0.363507, -0.0, 0.0, 0.0, 0.0, 1.0],
                [1.0, -1e-06, 1e-06, 0.0, -0.0, 0.349383, 0.936981, 0.374726, -1e-06, -0.93698, 0.349383, 0.0, 0.0, 0.0, 0.0, 1.0],
                [0.999999, -0.0, 1e-06, 0.0, -0.0, 0.329503, 0.944154, 0.374726, -1e-06, -0.944154, 0.329503, -0.0, 0.0, 0.0, 0.0, 1.0],
                [1.0, -1e-06, 0.0, -0.0, -0.0, 0.310632, 0.95053, 0.374726, -1e-06, -0.95053, 0.310631, 0.0, 0.0, 0.0, 0.0, 1.0],
                [0.999999, -1e-06, 0.0, -0.0, -0.0, 0.293124, 0.956074, 0.374726, -1e-06, -0.956074, 0.293123, 0.0, 0.0, 0.0, 0.0, 1.0],
                [1.0, -1e-06, 1e-06, 0.0, -0.0, 0.27723, 0.960803, 0.374726, -1e-06, -0.960803, 0.27723, 0.0, 0.0, 0.0, 0.0, 1.0],
                [0.999999, -1e-06, 1e-06, -0.0, -0.0, 0.263021, 0.96479, 0.374726, -1e-06, -0.96479, 0.26302, 0.0, 0.0, 0.0, 0.0, 1.0],
                [1.0, -1e-06, 0.0, 0.0, -0.0, 0.249901, 0.968272, 0.374726, -1e-06, -0.968273, 0.2499, 0.0, 0.0, 0.0, 0.0, 1.0],
                [1.0, -1e-06, 0.0, -0.0, -0.0, 0.237391, 0.971414, 0.374726, -1e-06, -0.971414, 0.237391, 0.0, 0.0, 0.0, 0.0, 1.0],
                [1.0, -1e-06, 0.0, -0.0, -0.0, 0.225605, 0.974218, 0.374726, -1e-06, -0.974218, 0.225605, 0.0, 0.0, 0.0, 0.0, 1.0],
                [1.0, -1e-06, 0.0, 0.0, -0.0, 0.214696, 0.97668, 0.374726, -1e-06, -0.976681, 0.214695, 0.0, 0.0, 0.0, 0.0, 1.0],
                [1.0, -1e-06, 0.0, -0.0, -0.0, 0.204806, 0.978803, 0.374726, -1e-06, -0.978802, 0.204806, 0.0, 0.0, 0.0, 0.0, 1.0],
                [1.0, -1e-06, 0.0, -0.0, -0.0, 0.196088, 0.980586, 0.374726, -1e-06, -0.980586, 0.196087, -0.0, 0.0, 0.0, 0.0, 1.0],
                [1.0, -1e-06, 0.0, 0.0, -0.0, 0.188701, 0.982035, 0.374726, -1e-06, -0.982034, 0.1887, 0.0, 0.0, 0.0, 0.0, 1.0],
                [1.0, -1e-06, 0.0, -0.0, -0.0, 0.182813, 0.983148, 0.374726, -1e-06, -0.983148, 0.182812, 0.0, 0.0, 0.0, 0.0, 1.0],
                [1.0, -1e-06, 0.0, -0.0, -0.0, 0.178595, 0.983922, 0.374726, -1e-06, -0.983922, 0.178594, -0.0, 0.0, 0.0, 0.0, 1.0],
                [1.0, -1e-06, 0.0, 0.0, -0.0, 0.176215, 0.984352, 0.374726, -1e-06, -0.984352, 0.176214, 0.0, 0.0, 0.0, 0.0, 1.0],
                [0.999999, -1e-06, 0.0, -0.0, -0.0, 0.175857, 0.984415, 0.374726, -1e-06, -0.984415, 0.175857, 0.0, 0.0, 0.0, 0.0, 1.0],
                [1.0, -1e-06, 0.0, -0.0, -0.0, 0.177704, 0.984084, 0.374726, -1e-06, -0.984083, 0.177704, -0.0, 0.0, 0.0, 0.0, 1.0],
